4.475633219276842767e-01
4.467963140958676749e-01
4.460306397030148751e-01
4.452662464771487416e-01
4.445030821649332275e-01
4.437410945919211813e-01
4.429802317224493247e-01
4.422204417188698167e-01
4.414616729997912215e-01
4.407038742970249556e-01
4.399469947109534429e-01
4.391909837640303182e-01
4.384357914521656019e-01
4.376813682937369943e-01
4.369276653760163498e-01
4.361746343988015528e-01
4.354222277150656684e-01
4.346703983684633843e-01
4.339191001275575776e-01
4.331682875166403268e-01
4.324179158430579428e-01
4.316679412209588063e-01
4.309183205914262071e-01
4.301690117389547763e-01
4.294199733042676770e-01
4.286711647935020908e-01
4.279225465837784848e-01
4.271740799252325416e-01
4.264257269395725358e-01
4.256774506152654070e-01
4.249292147994648827e-01
4.241809841868077191e-01
4.234327243052364853e-01
4.226844014989908915e-01
4.219359829089680547e-01
4.211874364506059121e-01
4.204387307895225412e-01
4.196898353150833594e-01
4.189407201121336799e-01
4.181913559311023487e-01
4.174417141567136058e-01
4.166917667755176691e-01
4.159414863424881204e-01
4.151908459469024204e-01
4.144398191777461937e-01
4.136883800888576102e-01
4.129365031640410133e-01
4.121841632823754487e-01
4.114313356839146008e-01
4.106779959360026266e-01
4.099241199003890168e-01
4.091696837013413801e-01
4.084146636949284592e-01
4.076590364396457944e-01
4.069027786685389669e-01
4.061458672629641997e-01
4.053882792281288117e-01
4.046299916705178856e-01
4.038709817773155630e-01
4.031112267979156671e-01
4.023507040275925428e-01
4.015893907933941742e-01
4.008272644423084841e-01
4.000643023317314029e-01
3.993004818222614105e-01
3.985357802728163312e-01
3.977701750380726042e-01
3.970036434681969983e-01
3.962361629108400174e-01
3.954677107153428128e-01
3.946982642390906015e-01
3.939278008559497501e-01
3.931562979667029278e-01
3.923837330113889021e-01
3.916100834834407296e-01
3.908353269455244750e-01
3.900594410469496176e-01
3.892824035425260787e-01
3.885041923127459662e-01
3.877247853851416570e-01
3.869441609566883766e-01
3.861622974171041722e-01
3.853791733728988422e-01
3.845947676720258279e-01
3.838090594289867430e-01
3.830220280502364960e-01
3.822336532597465086e-01
3.814439151245719306e-01
3.806527940802838517e-01
3.798602709561214041e-01
3.790663269997286977e-01
3.782709439013395292e-01
3.774741038172891860e-01
3.766757893927222267e-01
3.758759837833877682e-01
3.750746706764072624e-01
3.742718343099212253e-01
3.734674594915081136e-01
3.726615316153047419e-01
3.718540366777350892e-01
3.710449612917927076e-01
3.702342926998043460e-01
3.694220187846287695e-01
3.686081280792536385e-01
3.677926097747438727e-01
3.669754537265305649e-01
3.661566504590177962e-01
3.653361911685029662e-01
3.645140677244129712e-01
3.636902726688698295e-01
3.628647992145988543e-01
3.620376412412162903e-01
3.612087932899226694e-01
3.603782505566510697e-01
3.595460088837183488e-01
3.587120647500319226e-01
3.578764152599274717e-01
3.570390581306861488e-01
3.561999916788300968e-01
3.553592148052483468e-01
3.545167269792651732e-01
3.536725282217114130e-01
3.528266190871082175e-01
3.519790006450475572e-01
3.511296744608680132e-01
3.502786425757232758e-01
3.494259074861389980e-01
3.485714721231650270e-01
3.477153398312099464e-01
3.468575143466721689e-01
3.459979997764520143e-01
3.451368005764529068e-01
3.442739215301594546e-01
3.434093677273903356e-01
3.425431445433115840e-01
3.416752576178043732e-01
3.408057128352661724e-01
3.399345163049276031e-01
3.390616743417614876e-01
3.381871934480533692e-01
3.373110802957076659e-01
3.364333417093427481e-01
3.355539846502398893e-01
3.346730162011958276e-01
3.337904435523205704e-01
3.329062739878337340e-01
3.320205148738804013e-01
3.311331736474094622e-01
3.302442578061280942e-01
3.293537748995597481e-01
3.284617325212098038e-01
3.275681383018554382e-01
3.266729999039533205e-01
3.257763250171657465e-01
3.248781213549937208e-01
3.239783966525059400e-01
3.230771586651394744e-01
3.221744151685532742e-01
3.212701739595018591e-01
3.203644428576983283e-01
3.194572297086283319e-01
3.185485423872737587e-01
3.176383888027052294e-01
3.167267769034881608e-01
3.158137146838596587e-01
3.148992101906152308e-01
3.139832715306577482e-01
3.130659068791404875e-01
3.121471244881525164e-01
3.112269326958846394e-01
3.103053399362045717e-01
3.093823547485929359e-01
3.084579857883614773e-01
3.075322418371021493e-01
3.066051318132937964e-01
3.056766647830083672e-01
3.047468499706530443e-01
3.038156967696850064e-01
3.028832147532445340e-01
3.019494136846350152e-01
3.010143035276069967e-01
3.000778944563832762e-01
2.991401968653714660e-01
2.982012213785180110e-01
2.972609788582545320e-01
2.963194804139840932e-01
2.953767374100801923e-01
2.944327614733428522e-01
2.934875644998854449e-01
2.925411586614212744e-01
2.915935564109079503e-01
2.906447704875408933e-01
2.896948139210609452e-01
2.887437000353569871e-01
2.877914424513601244e-01
2.868380550892021263e-01
2.858835521696407311e-01
2.849279482147429321e-01
2.839712580478210846e-01
2.830134967926337120e-01
2.820546798718441828e-01
2.810948230047569107e-01
2.801339422043332417e-01
2.791720537735066787e-01
2.782091743008145990e-01
2.772453206553682770e-01
2.762805099811749265e-01
2.753147596908532835e-01
2.743480874587523322e-01
2.733805112135184179e-01
2.724120491301292302e-01
2.714427196214418414e-01
2.704725413292756175e-01
2.695015331150788507e-01
2.685297140502087010e-01
2.675571034058666919e-01
2.665837206427298933e-01
2.656095854003161505e-01
2.646347174861282681e-01
2.636591368646079570e-01
2.626828636459583310e-01
2.617059180748569913e-01
2.607283205191169295e-01
2.597500914583222298e-01
2.587712514724913038e-01
2.577918212307927504e-01
2.568118214803690735e-01
2.558312730352896858e-01
2.548501967656795486e-01
2.538686135870519833e-01
2.528865444498863968e-01
2.519040103294752919e-01
2.509210322160745910e-01
2.499376311053837230e-01
2.489538279893900308e-01
2.479696438475856302e-01
2.469850996385981878e-01
2.460002162922449165e-01
2.450150147020308256e-01
2.440295157181090746e-01
2.430437401407169462e-01
2.420577087141020378e-01
2.410714421209430303e-01
2.400849609772796045e-01
2.390982858279536993e-01
2.381114371425660792e-01
2.371244353119479620e-01
2.361373006451535361e-01
2.351500533669635129e-01
2.341627136158956346e-01
2.331753014427231097e-01
2.321878368094840717e-01
2.312003395889727364e-01
2.302128295647089817e-01
2.292253264313594829e-01
2.282378497956067676e-01
2.272504191774420423e-01
2.262630540118677758e-01
2.252757736509905795e-01
2.242885973664802690e-01
2.233015443523792554e-01
2.223146337282338458e-01
2.213278845425303287e-01
2.203413157764068375e-01
2.193549463476166805e-01
2.183687951147219031e-01
2.173828808814891322e-01
2.163972224014586443e-01
2.154118383826645611e-01
2.144267474924835271e-01
2.134419683625735920e-01
2.124575195938888106e-01
2.114734197617417211e-01
2.104896874208826429e-01
2.095063411105766993e-01
2.085233993596493085e-01
2.075408806914837700e-01
2.065588036289362217e-01
2.055771866991546737e-01
2.045960484382805533e-01
2.036154073960029509e-01
2.026352821399571569e-01
2.016556912599390405e-01
2.006766533719268331e-01
1.996981871218828364e-01
1.987203111893302843e-01
1.977430442906844277e-01
1.967664051823266036e-01
1.957904126634095743e-01
1.948150855783858104e-01
1.938404428192430640e-01
1.928665033274505614e-01
1.918932860955967490e-01
1.909208101687211168e-01
1.899490946453341877e-01
1.889781586781246470e-01
1.880080214743483358e-01
1.870387022959039969e-01
1.860702204590896358e-01
1.851025953340528774e-01
1.841358463439278226e-01
1.831699929636693980e-01
1.822050547185891656e-01
1.812410511826005877e-01
1.802780019761786034e-01
1.793159267640455357e-01
1.783548452525927919e-01
1.773947771870450774e-01
1.764357423483866316e-01
1.754777605500483229e-01
1.745208516343855210e-01
1.735650354689440567e-01
1.726103319425398852e-01
1.716567609611579226e-01
1.707043424436942847e-01
1.697530963175495899e-01
1.688030425140910618e-01
1.678542009640004717e-01
1.669065915925255494e-01
1.659602343146443504e-01
1.650151490301667578e-01
1.640713556187851363e-01
1.631288739350862937e-01
1.621877238035538127e-01
1.612479250135603892e-01
1.603094973143736612e-01
1.593724604101978137e-01
1.584368339552478799e-01
1.575026375488903785e-01
1.565698907308520627e-01
1.556386129765139348e-01
1.547088236923062909e-01
1.537805422112132614e-01
1.528537877884013629e-01
1.519285795969808617e-01
1.510049367239168494e-01
1.500828781660913935e-01
1.491624228265312213e-01
1.482435895108120405e-01
1.473263969236394411e-01
1.464108636656193951e-01
1.454970082302280421e-01
1.445848490009746246e-01
1.436744042487740902e-01
1.427656921295281656e-01
1.418587306819183713e-01
1.409535378254135329e-01
1.400501313584940899e-01
1.391485289570948969e-01
1.382487481732635193e-01
1.373508064340402957e-01
1.364547210405470667e-01
1.355605091672970608e-01
1.346681878617125849e-01
1.337777740438485241e-01
1.328892845063259498e-01
1.320027359144598511e-01
1.311181448065819322e-01
1.302355275945553392e-01
1.293549005644674676e-01
1.284762798775022086e-01
1.275996815709762033e-01
1.267251215595399383e-01
1.258526156365314397e-01
1.249821794754710225e-01
1.241138286316938039e-01
1.232475785441120436e-01
1.223834445370879931e-01
1.215214418224214304e-01
1.206615855014331468e-01
1.198038905671364868e-01
1.189483719064868827e-01
1.180950443027044688e-01
1.172439224376510963e-01
1.163950208942578918e-01
1.155483541589927277e-01
1.147039366243550879e-01
1.138617825913909448e-01
1.130219062722182949e-01
1.121843217925507646e-01
1.113490431942144587e-01
1.105160844376438384e-01
1.096854594043525088e-01
1.088571818993682161e-01
1.080312656536229904e-01
1.072077243262904572e-01
1.063865715070674012e-01
1.055678207183834982e-01
1.047514854175398968e-01
1.039375789987679322e-01
1.031261147951997442e-01
1.023171060807477883e-01
1.015105660718855912e-01
1.007065079293287674e-01
9.990494475960441656e-02
9.910588961651603523e-02
9.830935550248873223e-02
9.751535536979988317e-02
9.672390212168978374e-02
9.593500861334718077e-02
9.514868765277602336e-02
9.436495200153349749e-02
9.358381437534221692e-02
9.280528744457741674e-02
9.202938383462998251e-02
9.125611612613622470e-02
9.048549685509377216e-02
8.971753851284464121e-02
8.895225354594167577e-02
8.818965435589383450e-02
8.742975329879389135e-02
8.667256268483319870e-02
8.591809477770259718e-02
8.516636179388877015e-02
8.441737590186319806e-02
8.367114922117334375e-02
8.292769382144021817e-02
8.218702172125516570e-02
8.144914488700366606e-02
8.071407523159758457e-02
7.998182461313520231e-02
7.925240483348874876e-02
7.852582763682766642e-02
7.780210470808182621e-02
7.708124767134791333e-02
7.636326808824921153e-02
7.564817745625673773e-02
7.493598720696273419e-02
7.422670870433487056e-02
7.352035324293874907e-02
7.281693204614179959e-02
7.211645626430666922e-02
7.141893697297413413e-02
7.072438517104510936e-02
7.003281177896752974e-02
6.934422763693109948e-02
6.865864350307797348e-02
6.797607005173267325e-02
6.729651787165728816e-02
6.661999746433799885e-02
6.594651924230417184e-02
6.527609352749076665e-02
6.460873054964023920e-02
6.394444044475605660e-02
6.328323325360799001e-02
6.262511892029076765e-02
6.197010729084639208e-02
6.131820811194596543e-02
6.066943102963710116e-02
6.002378558816465898e-02
5.938128122885625443e-02
5.874192728908564365e-02
5.810573300130995877e-02
5.747270749218506142e-02
5.684285978175890319e-02
5.621619878274417698e-02
5.559273329987469286e-02
5.497247202933919913e-02
5.435542355830274425e-02
5.374159636450440841e-02
5.313099881594325613e-02
5.252363917064122034e-02
5.191952557648976674e-02
5.131866607117978318e-02
5.072106858220563202e-02
5.012674092695224709e-02
4.953569081285847525e-02
4.894792583765345678e-02
4.836345348967161645e-02
4.778228114823316469e-02
4.720441608410014256e-02
4.662986545999441707e-02
4.605863633118571082e-02
4.549073564613570486e-02
4.492617024720723523e-02
4.436494687142521209e-02
4.380707215129448634e-02
4.325255261566480353e-02
4.270139469064598153e-02
4.215360470056353503e-02
4.160918886895850072e-02
4.106815331961985449e-02
4.053050407765577956e-02
3.999624707058924838e-02
3.946538812948539171e-02
3.893793299009838671e-02
3.841388729403970997e-02
3.789325658996203772e-02
3.737604633475598293e-02
3.686226189475410447e-02
3.635190854694479029e-02
3.584499148018309433e-02
3.534151579640621571e-02
3.484148651183947148e-02
3.434490855819974375e-02
3.385178678388453544e-02
3.336212595515111040e-02
3.287593075727624631e-02
3.239320579569850839e-02
3.191395559714024083e-02
3.143818461070175402e-02
3.096589720893230813e-02
3.049709768886999309e-02
3.003179027305099419e-02
2.956997911048700120e-02
2.911166827760497053e-02
2.865686177915282087e-02
2.820556354906492494e-02
2.775777745128904170e-02
2.731350728057053284e-02
2.687275676319642731e-02
2.643552955769410198e-02
2.600182925548823881e-02
2.557165938150975440e-02
2.514502339476300599e-02
2.472192468884471667e-02
2.430236659241757566e-02
2.388635236963873934e-02
2.347388522054064466e-02
2.306496828136679958e-02
2.265960462486343169e-02
2.225779726052226973e-02
2.185954913478382888e-02
2.146486313119197117e-02
2.107374207050911191e-02
2.068618871078838420e-02
2.030220574740316392e-02
1.992179581303965205e-02
1.954496147764887143e-02
1.917170524836165138e-02
1.880202956936921632e-02
1.843593682176813617e-02
1.807342932337367009e-02
1.771450932850180890e-02
1.735917902772153229e-02
1.700744054758158638e-02
1.665929595031052576e-02
1.631474723349239653e-02
1.597379632972270244e-02
1.563644510624420669e-02
1.530269536456375229e-02
1.497254884005580142e-02
1.464600720155056351e-02
1.432307205091116510e-02
1.400374492260301681e-02
1.368802728325274609e-02
1.337592053120490072e-02
1.306742599607369978e-02
1.276254493829405944e-02
1.246127854867265516e-02
1.216362794794316124e-02
1.186959418632437153e-02
1.157917824308657764e-02
1.129238102612384505e-02
1.100920337153920951e-02
1.072964604323970068e-02
1.045370973254467449e-02
1.018139505781136614e-02
9.912702564073658240e-03
9.647632722702494806e-03
9.386185931082724823e-03
9.128362512312306401e-03
8.874162714923116910e-03
8.623586712624576461e-03
8.376634604072031101e-03
8.133306412659028345e-03
7.893602086337624113e-03
7.657521497463563864e-03
7.425064442670157791e-03
7.196230642770040827e-03
6.971019742686116773e-03
6.749431311410610153e-03
6.531464841994782770e-03
6.317119751568046893e-03
6.106395381387116038e-03
5.899290996915131785e-03
5.695805787931535955e-03
5.495938868670734861e-03
5.299689277992600950e-03
5.107055979580380455e-03
4.918037862170109714e-03
4.732633739807314346e-03
4.550842352132909024e-03
4.372662364697763558e-03
4.198092369302974108e-03
4.027130884367928140e-03
3.859776355324202445e-03
3.696027155034367021e-03
3.535881584234672192e-03
3.379337872001730858e-03
3.226394176241179686e-03
3.077048584197575060e-03
2.931299112984691972e-03
2.789143710135096130e-03
2.650580254167356035e-03
2.515606555170466115e-03
2.384220355403508101e-03
2.256419329910156445e-03
2.132201087146087023e-03
2.011563169617800340e-03
1.894503054533007739e-03
1.781018154459412372e-03
1.671105817991719268e-03
1.564763330425438578e-03
1.461987914435901011e-03
1.362776730761306723e-03
1.267126878888516148e-03
1.175035397740381701e-03
1.086499266362896685e-03
1.001515404611754822e-03
9.200806738363832707e-04
8.421918775600172220e-04
7.678457621557436457e-04
6.970390175163193331e-04
6.297682777167703215e-04
5.660301216691744370e-04
5.058210737683749205e-04
4.491376045271924171e-04
3.959761312006530214e-04
3.463330183982561098e-04
3.002045786831176338e-04
2.575870731574994121e-04
2.184767120335504205e-04
1.828696551890175151e-04
1.507620127066620615e-04
1.221498453974014691e-04
9.702916530597032363e-05
7.539593619909804132e-05
5.724607403532245588e-05
4.257544741641439465e-05
3.137987801979966689e-05
2.365514101167872973e-05
1.939696544087875682e-05
1.860103461290639647e-05
2.126298644434813215e-05
2.737841379740947549e-05
3.694286479462944114e-05
4.995184311384548632e-05
6.640080826340473397e-05
8.628517583793121582e-05
1.096003177546878854e-04
1.363415624709797601e-04
1.665041951825877472e-04
2.000834580041166086e-04
2.370745501310230255e-04
2.774726279842812914e-04
3.212728053378955968e-04
3.684701534300372579e-04
4.190597010579578344e-04
4.730364346578631168e-04
5.303952983697640287e-04
5.911311940887759237e-04
6.552389815026427684e-04
7.227134781169381210e-04
7.935494592685904446e-04
8.677416581282812545e-04
9.452847656925010599e-04
1.026173430766935159e-03
1.110402259940503067e-03
1.197965817552472823e-03
1.288858625652727690e-03
1.383075163956009462e-03
1.480609869791550768e-03
1.581457138048470747e-03
1.685611321118412730e-03
1.793066728835726641e-03
1.903817628416606868e-03
2.017858244397835715e-03
2.135182758576347796e-03
2.255785309949567916e-03
2.379659994659372776e-03
2.506800865938002727e-03
2.637201934059108747e-03
2.770857166292700798e-03
2.907760486867530351e-03
3.047905776938095081e-03
3.191286874560743912e-03
3.337897574676868852e-03
3.487731629105029346e-03
3.640782746543938606e-03
3.797044592583760127e-03
3.956510789729833499e-03
4.119174917437318575e-03
4.285030512158302315e-03
4.454071067401085132e-03
4.626290033803202341e-03
4.801680819217844613e-03
4.980236788814419897e-03
5.161951265193514410e-03
5.346817528517650887e-03
5.534828816655523905e-03
5.725978325343352576e-03
5.920259208361625461e-03
6.117664577727084142e-03
6.318187503901878839e-03
6.521821016017990448e-03
6.728558102119042324e-03
6.938391709417878091e-03
7.151314744570247232e-03
7.367320073966041744e-03
7.586400524035680389e-03
7.808548881572840994e-03
8.033757894074396860e-03
8.262020270094571836e-03
8.493328679615446894e-03
8.727675754433839028e-03
8.965054088561274712e-03
9.205456238640396388e-03
9.448874724374754092e-03
9.695302028973024761e-03
9.944730599606913315e-03
1.019715284788183171e-02
1.045256115031976789e-02
1.071094784885571333e-02
1.097230525134355872e-02
1.123662563207523946e-02
1.150390123230803779e-02
1.177412426080320929e-02
1.204728689437356906e-02
1.232338127843840558e-02
1.260239952758795794e-02
1.288433372615307819e-02
1.316917592878326208e-02
1.345691816102908070e-02
1.374755241993003314e-02
1.404107067460604041e-02
1.433746486685449906e-02
1.463672691174635644e-02
1.493884869822868777e-02
1.524382208972491388e-02
1.555163892473742683e-02
1.586229101744925790e-02
1.617577015832508819e-02
1.649206811471005257e-02
1.681117663142688706e-02
1.713308743136903595e-02
1.745779221609029472e-02
1.778528266638891922e-02
1.811555044288833821e-02
1.844858718660931027e-02
1.878438451953742122e-02
1.912293404518196696e-02
1.946422734912727978e-02
1.980825599957528743e-02
2.015501154787906549e-02
2.050448552906605770e-02
2.085666946235098865e-02
2.121155485163855187e-02
2.156913318601378152e-02
2.192939594022039196e-02
2.229233457512785205e-02
2.265794053818478981e-02
2.302620526385790525e-02
2.339712017406026662e-02
2.377067667856272437e-02
2.414686617539281085e-02
2.452568005121764580e-02
2.490710968171333528e-02
2.529114643191801223e-02
2.567778165657078060e-02
2.606700670043380144e-02
2.645881289860019248e-02
2.685319157678450752e-02
2.725013405159905019e-02
2.764963163081360017e-02
2.805167561359870124e-02
2.845625729075405841e-02
2.886336794492050384e-02
2.927299885077636402e-02
2.968514127521796470e-02
3.009978647752546699e-02
3.051692570951186276e-02
3.093655021565861266e-02
3.135865123323439141e-02
3.178321999240155127e-02
3.221024771630465189e-02
3.263972562114994536e-02
3.307164491626578273e-02
3.350599680415317083e-02
3.394277248052182672e-02
3.438196313431469975e-02
3.482355994771792196e-02
3.526755409616264686e-02
3.571393674831167125e-02
3.616269906603826467e-02
3.661383220439332759e-02
3.706732731156282823e-02
3.752317552881601070e-02
3.798136799044563028e-02
3.844189582369880731e-02
3.890475014870138637e-02
3.936992207837470420e-02
3.983740271834619595e-02
4.030718316685429070e-02
4.077925451464835954e-02
4.125360784488348032e-02
4.173023423301198270e-02
4.220912474667130182e-02
4.269027044556934075e-02
4.317366238136847306e-02
4.365929159756637423e-02
4.414714912937863639e-02
4.463722600361907239e-02
4.512951323858192809e-02
4.562400184392497587e-02
4.612068282055387103e-02
4.661954716050944331e-02
4.712058584685851342e-02
4.762378985358621530e-02
4.812915014549570825e-02
4.863665767811053975e-02
4.914630339758155331e-02
4.965807824060246289e-02
5.017197313433009037e-02
5.068797899631121567e-02
5.120608673441828795e-02
5.172628724679201317e-02
5.224857142179267777e-02
5.277293013796099247e-02
5.329935426398690890e-02
5.382783465868987843e-02
5.435836217100854795e-02
5.489092763999951080e-02
5.542552189485139974e-02
5.596213575490290720e-02
5.650076002968129618e-02
5.704138551894438053e-02
5.758400301274078925e-02
5.812860329147911953e-02
5.867517712601114793e-02
5.922371527772663652e-02
5.977420849866384167e-02
6.032664753162856469e-02
6.088102311033095210e-02
6.143732595953318304e-02
6.199554679521097206e-02
6.255567632472777695e-02
6.311770524702553509e-02
6.368162425282387906e-02
6.424742402483767101e-02
6.481509523800481343e-02
6.538462855972897170e-02
6.595601465013382902e-02
6.652924416233231553e-02
6.710430774270875753e-02
6.768119603121133809e-02
6.825989966166004508e-02
6.884040926206562439e-02
6.942271545496032925e-02
7.000680885774203388e-02
7.059268008302788111e-02
7.118031973902168297e-02
7.176971842988995320e-02
7.236086675615024943e-02
7.295375531506946565e-02
7.354837470107088160e-02
7.414471550615309159e-02
7.474276832031544193e-02
7.534252373199493147e-02
7.594397232850907953e-02
7.654710469650689852e-02
7.715191142243005284e-02
7.775838309297714024e-02
7.836651029557627213e-02
7.897628361886424586e-02
7.958769365316932520e-02
8.020073099100163971e-02
8.081538622754406986e-02
8.143164996115127841e-02
8.204951279384881113e-02
8.266896533183791529e-02
8.328999818599926164e-02
8.391260197240152374e-02
8.453676731280929113e-02
8.516248483519210655e-02
8.578974517423430812e-02
8.641853897184256783e-02
8.704885687765537283e-02
8.768068954954731653e-02
8.831402765413483291e-02
8.894886186727636590e-02
8.958518287457141460e-02
9.022298137185549849e-02
9.086224806568951595e-02
9.150297367384613301e-02
9.214514892578982985e-02
9.278876456315186816e-02
9.343381134019895784e-02
9.408028002429437431e-02
9.472816139635285848e-02
9.537744625128784237e-02
9.602812539844965412e-02
9.668018966205610409e-02
9.733362988161413376e-02
9.798843691233224962e-02
9.864460162552154965e-02
9.930211490898924187e-02
9.996096766741918715e-02
1.006211508227444623e-01
1.012826553145054348e-01
1.019454721001992470e-01
1.026095921556160612e-01
1.032750064751632307e-01
1.039417060721787994e-01
1.046096819792295129e-01
1.052789252483994492e-01
1.059494269515629944e-01
1.066211781806466335e-01
1.072941700478751703e-01
1.079683936860084681e-01
1.086438402485595256e-01
1.093205009100020192e-01
1.099983668659647723e-01
1.106774293334103765e-01
1.113576795507995321e-01
1.120391087782443285e-01
1.127217082976450374e-01
1.134054694128137503e-01
1.140903834495846508e-01
1.147764417559102579e-01
1.154636357019422493e-01
1.161519566801022946e-01
1.168413961051352895e-01
1.175319454141513092e-01
1.182235960666547653e-01
1.189163395445585886e-01
1.196101673521868525e-01
1.203050710162636289e-01
1.210010420858901314e-01
1.216980721325099102e-01
1.223961527498595575e-01
1.230952755539104770e-01
1.237954321827980791e-01
1.244966142967390832e-01
1.251988135779364408e-01
1.259020217304789302e-01
1.266062304802236804e-01
1.273114315746738667e-01
1.280176167828432354e-01
1.287247778951137178e-01
1.294329067230830799e-01
1.301419950994048003e-01
1.308520348776182063e-01
1.315630179319722814e-01
1.322749361572410909e-01
1.329877814685354320e-01
1.337015458011024394e-01
1.344162211101235793e-01
1.351317993705060394e-01
1.358482725766687604e-01
1.365656327423210858e-01
1.372838719002430208e-01
1.380029821020561931e-01
1.387229554179937319e-01
1.394437839366668153e-01
1.401654597648302469e-01
1.408879750271427311e-01
1.416113218659278417e-01
1.423354924409356292e-01
1.430604789290991774e-01
1.437862735242947387e-01
1.445128684370996230e-01
1.452402558945528055e-01
1.459684281399168948e-01
1.466973774324377144e-01
1.474270960471112113e-01
1.481575762744503366e-01
1.488888104202538143e-01
1.496207908053794888e-01
1.503535097655228636e-01
1.510869596509951951e-01
1.518211328265123838e-01
1.525560216709825612e-01
1.532916185773027795e-01
1.540279159521604768e-01
1.547649062158411026e-01
1.555025818020399908e-01
1.562409351576842242e-01
1.569799587427591625e-01
1.577196450301427966e-01
1.584599865054481527e-01
1.592009756668725518e-01
1.599426050250566111e-01
1.606848671029491027e-01
1.614277544356838845e-01
1.621712595704622728e-01
1.629153750664471267e-01
1.636600934946642605e-01
1.644054074379153740e-01
1.651513094906977008e-01
1.658977922591371168e-01
1.666448483609282993e-01
1.673924704252865436e-01
1.681406510929090159e-01
1.688893830159462206e-01
1.696386588579856247e-01
1.703884712940439417e-01
1.711388130105674921e-01
1.718896767054516050e-01
1.726410550880602968e-01
1.733929408792630744e-01
1.741453268114812325e-01
1.748982056287441689e-01
1.756515700867538055e-01
1.764054129529642467e-01
1.771597270066705976e-01
1.779145050391039984e-01
1.786697398535424253e-01
1.794254242654288456e-01
1.801815511024993932e-01
1.809381132049236729e-01
1.816951034254512543e-01
1.824525146295704892e-01
1.832103396956780983e-01
1.839685715152527545e-01
1.847272029930435988e-01
1.854862270472649177e-01
1.862456366097990645e-01
1.870054246264089559e-01
1.877655840569578960e-01
1.885261078756393094e-01
1.892869890712115810e-01
1.900482206472415836e-01
1.908097956223557545e-01
1.915717070304981395e-01
1.923339479211939873e-01
1.930965113598199223e-01
1.938593904278810010e-01
1.946225782232930135e-01
1.953860678606700874e-01
1.961498524716168979e-01
1.969139252050254585e-01
1.976782792273788503e-01
1.984429077230541738e-01
1.992078038946334673e-01
1.999729609632172889e-01
2.007383721687379941e-01
2.015040307702795352e-01
2.022699300463985661e-01
2.030360632954451572e-01
2.038024238358870366e-01
2.045690050066377164e-01
2.053358001673767086e-01
2.061028026988821205e-01
2.068700060033517307e-01
2.076374035047333366e-01
2.084049886490469961e-01
2.091727549047117385e-01
2.099406957628667802e-01
2.107088047376947382e-01
2.114770753667395142e-01
2.122455012112235417e-01
2.130140758563627001e-01
2.137827929116745407e-01
2.145516460112888713e-01
2.153206288142504587e-01
2.160897350048176235e-01
2.168589582927578363e-01
2.176282924136380414e-01
2.183977311291099010e-01
2.191672682271914308e-01
2.199368975225367562e-01
2.207066128567096719e-01
2.214764080984417405e-01
2.222462771438898643e-01
2.230162139168842261e-01
2.237862123691704841e-01
2.245562664806431963e-01
2.253263702595742490e-01
2.260965177428307660e-01
2.268667029960875214e-01
2.276369201140284737e-01
2.284071632205426083e-01
2.291774264689091511e-01
2.299477040419764251e-01
2.307179901523286891e-01
2.314882790424462045e-01
2.322585649848554756e-01
2.330288422822705541e-01
2.337991052677229897e-01
2.345693483046837058e-01
2.353395657871782121e-01
2.361097521398829446e-01
2.368799018182235483e-01
2.376500093084536469e-01
2.384200691277283402e-01
2.391900758241672365e-01
2.399600239769041632e-01
2.407299081961331022e-01
2.414997231231364450e-01
2.422694634303101391e-01
2.430391238211722649e-01
2.438086990303668378e-01
2.445781838236542882e-01
2.453475729978929765e-01
2.461168613810115202e-01
2.468860438319684381e-01
2.476551152407053535e-01
2.484240705280879591e-01
2.491929046458387920e-01
2.499616125764587693e-01
2.507301893331417286e-01
2.514986299596767561e-01
2.522669295303417991e-01
2.530350831497917286e-01
2.538030859529323280e-01
2.545709331047882884e-01
2.553386198003632090e-01
2.561061412644881630e-01
2.568734927516663769e-01
2.576406695459038665e-01
2.584076669605394061e-01
2.591744803380599538e-01
2.599411050499140230e-01
2.607075364963135633e-01
2.614737701060314556e-01
2.622398013361915692e-01
2.630056256720533225e-01
2.637712386267848097e-01
2.645366357412373137e-01
2.653018125837107166e-01
2.660667647497106381e-01
2.668314878617026875e-01
2.675959775688643294e-01
2.683602295468272003e-01
2.691242394974177610e-01
2.698880031483922859e-01
2.706515162531687446e-01
2.714147745905559073e-01
2.721777739644771765e-01
2.729405102036924768e-01
2.737029791615165353e-01
2.744651767155365518e-01
2.752270987673231528e-01
2.759887412421474506e-01
2.767501000886865015e-01
2.775111712787355911e-01
2.782719508069149139e-01
2.790324346903766406e-01
2.797926189685127074e-01
2.805524997026608847e-01
2.813120729758105676e-01
2.820713348923111208e-01
2.828302815775782797e-01
2.835889091778037163e-01
2.843472138596639387e-01
2.851051918100306892e-01
2.858628392356868941e-01
2.866201523630383385e-01
2.873771274378322804e-01
2.881337607248778965e-01
2.888900485077664504e-01
2.896459870885993437e-01
2.904015727877152786e-01
2.911568019434238042e-01
2.919116709117399733e-01
2.926661760661256051e-01
2.934203137972332676e-01
2.941740805126537017e-01
2.949274726366709620e-01
2.956804866100202767e-01
2.964331188896490166e-01
2.971853659484881005e-01
2.979372242752243438e-01
2.986886903740793020e-01
2.994397607645955528e-01
3.001904319814284183e-01
3.009407005741401298e-01
3.016905631070068150e-01
3.024400161588268188e-01
3.031890563227370161e-01
3.039376802060351768e-01
3.046858844300115443e-01
3.054336656297843011e-01
3.061810204541432490e-01
3.069279455654011501e-01
3.076744376392509528e-01
3.084204933646315094e-01
3.091661094435994017e-01
3.099112825912113123e-01
3.106560095354075068e-01
3.114002870169096382e-01
3.121441117891227135e-01
3.128874806180427237e-01
3.136303902821792611e-01
3.143728375724757496e-01
3.151148192922436087e-01
3.158563322571052989e-01
3.165973732949391994e-01
3.173379392458368087e-01
3.180780269620667733e-01
3.188176333080429137e-01
3.195567551603061829e-01
3.202953894075080132e-01
3.210335329504052648e-01
3.217711827018582826e-01
3.225083355868416102e-01
3.232449885424575342e-01
3.239811385179590664e-01
3.247167824747780318e-01
3.254519173865628723e-01
3.261865402392206681e-01
3.269206480309668761e-01
3.276542377723838939e-01
3.283873064864797908e-01
3.291198512087626371e-01
3.298518689873112253e-01
3.305833568828618896e-01
3.313143119688907179e-01
3.320447313317115845e-01
3.327746120705734612e-01
3.335039512977633902e-01
3.342327461387207266e-01
3.349609937321472164e-01
3.356886912301317305e-01
3.364158357982714453e-01
3.371424246158060134e-01
3.378684548757459050e-01
3.385939237850151828e-01
3.393188285645926117e-01
3.400431664496580964e-01
3.407669346897428952e-01
3.414901305488819427e-01
3.422127513057724446e-01
3.429347942539329730e-01
3.436562567018660030e-01
3.443771359732225590e-01
3.450974294069732440e-01
3.458171343575753842e-01
3.465362481951460016e-01
3.472547683056366186e-01
3.479726920910074517e-01
3.486900169694063800e-01
3.494067403753454149e-01
3.501228597598799452e-01
3.508383725907911477e-01
3.515532763527622340e-01
3.522675685475639695e-01
3.529812466942309213e-01
3.536943083292445889e-01
3.544067510067146487e-01
3.551185722985571447e-01
3.558297697946745664e-01
3.565403411031325964e-01
3.572502838503398559e-01
3.579595956812202662e-01
3.586682742593910178e-01
3.593763172673302697e-01
3.600837224065516762e-01
3.607904873977693661e-01
3.614966099810671407e-01
3.622020879160576801e-01
3.629069189820483543e-01
3.636111009781938797e-01
3.643146317236527487e-01
3.650175090577393311e-01
3.657197308400718105e-01
3.664212949507161254e-01
3.671221992903251907e-01
3.678224417802779533e-01
3.685220203628096769e-01
3.692209330011423929e-01
3.699191776796070807e-01
3.706167524037641270e-01
3.713136552005181223e-01
3.720098841182273852e-01
3.727054372268089333e-01
3.734003126178396248e-01
3.740945084046506386e-01
3.747880227224161809e-01
3.754808537282400827e-01
3.761729996012318500e-01
3.768644585425819371e-01
3.775552287756290260e-01
3.782453085459224207e-01
3.789346961212753384e-01
3.796233897918205868e-01
3.803113878700487005e-01
3.809986886908515169e-01
3.816852906115498212e-01
3.823711920119238217e-01
3.830563912942291926e-01
3.837408868832128950e-01
3.844246772261204481e-01
3.851077607926962076e-01
3.857901360751794240e-01
3.864718015882921409e-01
3.871527558692214877e-01
3.878329974775949762e-01
3.885125249954513027e-01
3.891913370272040429e-01
3.898694321995954670e-01
3.905468091616517423e-01
3.912234665846219817e-01
3.918994031619223439e-01
3.925746176090627038e-01
3.932491086635752087e-01
3.939228750849325666e-01
3.945959156544633362e-01
3.952682291752581678e-01
3.959398144720698842e-01
3.966106703912106735e-01
3.972807958004426210e-01
3.979501895888596930e-01
3.986188506667664444e-01
3.992867779655526195e-01
3.999539704375557059e-01
4.006204270559277636e-01
4.012861468144889310e-01
4.019511287275777667e-01
4.026153718298983719e-01
4.032788751763615176e-01
4.039416378419192766e-01
4.046036589213968804e-01
4.052649375293188028e-01
4.059254727997303469e-01
4.065852638860152357e-01
4.072443099607083172e-01
4.079026102153055500e-01
4.085601638600664387e-01
4.092169701238146939e-01
4.098730282537382807e-01
4.105283375151800307e-01
4.111828971914280872e-01
4.118367065835015217e-01
4.124897650099352275e-01
4.131420718065597630e-01
4.137936263262752545e-01
4.144444279388295183e-01
4.150944760305897430e-01
4.157437700043094542e-01
4.163923092788966995e-01
4.170400932891791257e-01
4.176871214856672787e-01
4.183333933343129640e-01
4.189789083162735461e-01
4.196236659276661451e-01
4.202676656793232768e-01
4.209109070965519894e-01
4.215533897188850077e-01
4.221951130998369273e-01
4.228360768066536379e-01
4.234762804200674635e-01
4.241157235340490272e-01
4.247544057555561747e-01
4.253923267042881151e-01
4.260294860124382854e-01
4.266658833244416082e-01
4.273015182967322412e-01
4.279363905974935545e-01
4.285704999064131049e-01
4.292038459144364437e-01
4.298364283235246996e-01
4.304682468464087197e-01
4.310993012063502605e-01
4.317295911368989603e-01
4.323591163816561944e-01
4.329878766940373214e-01
4.336158718370360932e-01
4.342431015829933405e-01
4.348695657133661574e-01
4.354952640184983625e-01
4.361201962973941804e-01
4.367443623574998046e-01
4.373677620144770239e-01
4.379903950919878386e-01
4.386122614214821303e-01
4.392333608419827784e-01
4.398536931998789923e-01
4.404732583487212527e-01
4.410920561490186964e-01
4.417100864680424399e-01
4.423273491796310686e-01
4.429438441639974577e-01
4.435595713075461966e-01
4.441745305026852386e-01
4.447887216476532624e-01
4.454021446463387601e-01
4.460147994081132827e-01
4.466266858476634072e-01
4.472378038848289217e-01
4.478481534444451184e-01
4.484577344561890833e-01
4.490665468544317585e-01
4.496745905780932806e-01
4.502818655705031481e-01
4.508883717792658841e-01
4.514941091561306408e-01
4.520990776568655778e-01
4.527032772411386241e-01
4.533067078723997390e-01
4.539093695177707777e-01
4.545112621479417414e-01
4.551123857370661940e-01
4.557127402626686696e-01
4.563123257055507476e-01
4.569111420497071752e-01
4.575091892822437112e-01
4.581064673933006870e-01
4.587029763759832846e-01
4.592987162262943679e-01
4.598936869430736984e-01
4.604878885279420353e-01
4.610813209852486771e-01
4.616739843220286077e-01
4.622658785479563104e-01
4.628570036753131833e-01
4.634473597189543437e-01
4.640369466962829814e-01
4.646257646272275443e-01
4.652138135342234748e-01
4.658010934422042171e-01
4.663876043785903924e-01
4.669733463732874124e-01
4.675583194586880320e-01
4.681425236696760139e-01
4.687259590436394507e-01
4.693086256204825335e-01
4.698905234426485888e-01
4.704716525551383977e-01
4.710520130055421695e-01
4.716316048440697961e-01
4.722104281235853795e-01
4.727884828996484212e-01
4.733657692305575648e-01
4.739422871773969481e-01
4.745180368040885499e-01
4.750930181774460914e-01
4.756672313672329344e-01
4.762406764462263076e-01
4.768133534902796455e-01
4.773852625783910342e-01
4.779564037927786502e-01
4.785267772189499835e-01
4.790963829457840495e-01
4.796652210656093263e-01
4.802332916742866331e-01
4.808005948712970601e-01
4.813671307598296201e-01
4.819328994468708993e-01
4.824979010433000925e-01
4.830621356639837050e-01
4.836256034278722526e-01
4.841883044581007378e-01
4.847502388820899011e-01
4.853114068316514151e-01
4.858718084430871942e-01
4.864314438573023036e-01
4.869903132199094875e-01
4.875484166813374709e-01
4.881057543969427592e-01
4.886623265271229366e-01
4.892181332374235803e-01
4.897731746986586643e-01
4.903274510870176961e-01
4.908809625841852320e-01
4.914337093774533982e-01
4.919856916598386309e-01
4.925369096301956962e-01
4.930873634933353178e-01
4.936370534601403071e-01
4.941859797476807481e-01
4.947341425793279068e-01
4.952815421848735244e-01
4.958281788006406732e-01
4.963740526696016064e-01
4.969191640414899469e-01
4.974635131729128190e-01
4.980071003274655905e-01
4.985499257758413960e-01
4.990919897959427698e-01
4.996332926729877277e-01
5.001738346996221773e-01
5.007136161760229465e-01
5.012526374100041426e-01
5.017908987171204593e-01
5.023284004207689835e-01
5.028651428522901146e-01
5.034011263510629330e-01
5.039363512646068965e-01
5.044708179486714350e-01
5.050045267673292093e-01
5.055374780930690370e-01
5.060696723068791592e-01
5.066011097983371680e-01
5.071317909656903877e-01
5.076617162159366980e-01
5.081908859649048038e-01
5.087193006373259552e-01
5.092469606669095539e-01
5.097738664964130972e-01
5.103000185777069042e-01
5.108254173718399516e-01
5.113500633491021574e-01
5.118739569890804475e-01
5.123970987807149324e-01
5.129194892223510882e-01
5.134411288217886060e-01
5.139620180963266893e-01
5.144821575728077967e-01
5.150015477876542791e-01
5.155201892869054614e-01
5.160380826262512821e-01
5.165552283710599379e-01
5.170716270964029748e-01
5.175872793870779365e-01
5.181021858376281264e-01
5.186163470523564856e-01
5.191297636453351405e-01
5.196424362404179487e-01
5.201543654712412756e-01
5.206655519812259936e-01
5.211759964235738174e-01
5.216856994612626419e-01
5.221946617670344404e-01
5.227028840233837181e-01
5.232103669225397491e-01
5.237171111664417067e-01
5.242231174667231208e-01
5.247283865446722428e-01
5.252329191312103962e-01
5.257367159668511203e-01
5.262397778016639771e-01
5.267421053952292542e-01
5.272436995165951101e-01
5.277445609442272811e-01
5.282446904659533482e-01
5.287440888789122218e-01
5.292427569894879724e-01
5.297406956132503231e-01
5.302379055748883685e-01
5.307343877081375227e-01
5.312301428557086869e-01
5.317251718692136420e-01
5.322194756090794510e-01
5.327130549444720753e-01
5.332059107532048925e-01
5.336980439216545413e-01
5.341894553446657756e-01
5.346801459254550970e-01
5.351701165755171630e-01
5.356593682145196489e-01
5.361479017702026617e-01
5.366357181782686059e-01
5.371228183822776003e-01
5.376092033335305720e-01
5.380948739909604539e-01
5.385798313210079513e-01
5.390640762975106304e-01
5.395476099015756866e-01
5.400304331214543785e-01
5.405125469524207915e-01
5.409939523966403874e-01
5.414746504630392199e-01
5.419546421671725955e-01
5.424339285310884051e-01
5.429125105831925646e-01
5.433903893581096822e-01
5.438675658965423931e-01
5.443440412451300281e-01
5.448198164563086143e-01
5.452948925881582198e-01
5.457692707042650637e-01
5.462429518735680833e-01
5.467159371702131621e-01
5.471882276734008066e-01
5.476598244672373772e-01
5.481307286405808776e-01
5.486009412868897428e-01
5.490704635040648540e-01
5.495392963943006581e-01
5.500074410639234079e-01
5.504748986232399499e-01
5.509416701863788512e-01
5.514077568711329702e-01
5.518731597988030257e-01
5.523378800940396127e-01
5.528019188846842180e-01
5.532652773016115688e-01
5.537279564785739794e-01
5.541899575520390364e-01
5.546512816610338348e-01
5.551119299469875479e-01
5.555719035535727768e-01
5.560312036265500080e-01
5.564898313136099617e-01
5.569477877642144970e-01
5.574050741294483968e-01
5.578616915618557215e-01
5.583176412152933699e-01
5.587729242447717626e-01
5.592275418063057391e-01
5.596814950567624569e-01
5.601347851537097355e-01
5.605874132552688405e-01
5.610393805199643813e-01
5.614906881065787614e-01
5.619413371740065166e-01
5.623913288811080990e-01
5.628406643865717651e-01
5.632893448487664712e-01
5.637373714256079804e-01
5.641847452744171987e-01
5.646314675517852821e-01
5.650775394134383012e-01
5.655229620141074554e-01
5.659677365073944033e-01
5.664118640456462517e-01
5.668553457798261030e-01
5.672981828593888221e-01
5.677403764321601320e-01
5.681819276442146016e-01
5.686228376397591822e-01
5.690631075610139700e-01
5.695027385481027382e-01
5.699417317389381399e-01
5.703800882691142382e-01
5.708178092718021457e-01
5.712548958776418884e-01
5.716913492146440401e-01
5.721271704080900244e-01
5.725623605804363025e-01
5.729969208512178946e-01
5.734308523369624488e-01
5.738641561510952060e-01
5.742968334038601741e-01
5.747288852022338634e-01
5.751603126498417984e-01
5.755911168468903494e-01
5.760212988900808018e-01
5.764508598725467392e-01
5.768798008837798807e-01
5.773081230095665761e-01
5.777358273319239679e-01
5.781629149290381520e-01
5.785893868752094438e-01
5.790152442407957567e-01
5.794404880921611989e-01
5.798651194916305540e-01
5.802891394974384331e-01
5.807125491636888626e-01
5.811353495403168701e-01
5.815575416730508485e-01
5.819791266033758070e-01
5.824001053685048390e-01
5.828204790013509218e-01
5.832402485305021589e-01
5.836594149801962450e-01
5.840779793703049227e-01
5.844959427163141097e-01
5.849133060293121300e-01
5.853300703159795004e-01
5.857462365785778280e-01
5.861618058149478117e-01
5.865767790185043573e-01
5.869911571782389093e-01
5.874049412787216706e-01
5.878181323001070435e-01
5.882307312181417336e-01
5.886427390041788499e-01
5.890541566251872307e-01
5.894649850437720939e-01
5.898752252181925781e-01
5.902848781023819491e-01
5.906939446459735787e-01
5.911024257943274796e-01
5.915103224885585043e-01
5.919176356655704296e-01
5.923243662580840452e-01
5.927305151946803408e-01
5.931360833998364779e-01
5.935410717939650915e-01
5.939454812934574779e-01
5.943493128107315560e-01
5.947525672542778308e-01
5.951552455287069110e-01
5.955573485348062412e-01
5.959588771695856213e-01
5.963598323263419321e-01
5.967602148947090956e-01
5.971600257607211359e-01
5.975592658068722418e-01
5.979579359121803828e-01
5.983560369522494815e-01
5.987535697993392469e-01
5.991505353224306774e-01
5.995469343872943391e-01
5.999427678565638633e-01
6.003380365898077775e-01
6.007327414436003377e-01
6.011268832715994659e-01
6.015204629246233559e-01
6.019134812507240806e-01
6.023059390952729686e-01
6.026978373010314360e-01
6.030891767082425803e-01
6.034799581547013458e-01
6.038701824758471171e-01
6.042598505048420998e-01
6.046489630726571418e-01
6.050375210081576638e-01
6.054255251381877034e-01
6.058129762876588442e-01
6.061998752796363688e-01
6.065862229354266333e-01
6.069720200746647754e-01
6.073572675154058631e-01
6.077419660742116037e-01
6.081261165662407153e-01
6.085097198053377454e-01
6.088927766041242196e-01
6.092752877740861273e-01
6.096572541256667366e-01
6.100386764683550789e-01
6.104195556107754328e-01
6.107998923607802499e-01
6.111796875255338657e-01
6.115589419116099767e-01
6.119376563250746859e-01
6.123158315715784283e-01
6.126934684564430134e-01
6.130705677847536617e-01
6.134471303614409399e-01
6.138231569913720209e-01
6.141986484794373924e-01
6.145736056306362327e-01
6.149480292501607881e-01
6.153219201434839691e-01
6.156952791164386207e-01
6.160681069753072281e-01
6.164404045268977450e-01
6.168121725786295251e-01
6.171834119386113704e-01
6.175541234157235770e-01
6.179243078196916539e-01
6.182939659611705885e-01
6.186630986518133479e-01
6.190317067043539234e-01
6.193997909326738327e-01
6.197673521518810569e-01
6.201343911783763208e-01
6.205009088299265896e-01
6.208669059257312384e-01
6.212323832864929951e-01
6.215973417344800023e-01
6.219617820935914310e-01
6.223257051894223180e-01
6.226891118493215194e-01
6.230520029024542161e-01
6.234143791798606449e-01
6.237762415145102768e-01
6.241375907413571067e-01
6.244984276973964965e-01
6.248587532217116935e-01
6.252185681555276764e-01
6.255778733422572291e-01
6.259366696275486808e-01
6.262949578593294264e-01
6.266527388878495586e-01
6.270100135657213913e-01
6.273667827479607606e-01
6.277230472920226623e-01
6.280788080578375565e-01
6.284340659078415658e-01
6.287888217070157770e-01
6.291430763229068912e-01
6.294968306256596424e-01
6.298500854880426658e-01
6.302028417854717013e-01
6.305551003960293555e-01
6.309068622004877502e-01
6.312581280823263974e-01
6.316088989277452992e-01
6.319591756256812687e-01
6.323089590678195870e-01
6.326582501486026633e-01
6.330070497652383610e-01
6.333553588177071036e-01
6.337031782087658716e-01
6.340505088439472026e-01
6.343973516315608574e-01
6.347437074826947079e-01
6.350895773112053000e-01
6.354349620337155224e-01
6.357798625696062800e-01
6.361242798410045030e-01
6.364682147727731554e-01
6.368116682924974681e-01
6.371546413304677303e-01
6.374971348196640797e-01
6.378391496957328544e-01
6.381806868969684965e-01
6.385217473642904595e-01
6.388623320412155637e-01
6.392024418738330160e-01
6.395420778107728799e-01
6.398812408031796517e-01
6.402199318046749577e-01
6.405581517713269113e-01
6.408959016616129212e-01
6.412331824363820543e-01
6.415699950588154010e-01
6.419063404943826656e-01
6.422422197108050845e-01
6.425776336780061326e-01
6.429125833680663371e-01
6.432470697551787575e-01
6.435810938155934746e-01
6.439146565275758460e-01
6.442477588713467762e-01
6.445804018290304249e-01
6.449125863846021378e-01
6.452443135238302707e-01
6.455755842342183470e-01
6.459063995049437734e-01
6.462367603268022176e-01
6.465666676921404399e-01
6.468961225947970073e-01
6.472251260300342368e-01
6.475536789944789096e-01
6.478817824860475527e-01
6.482094375038852663e-01
6.485366450482935585e-01
6.488634061206618453e-01
6.491897217233949524e-01
6.495155928598421724e-01
6.498410205342266543e-01
6.501660057515661340e-01
6.504905495176036556e-01
6.508146528387296348e-01
6.511383167219068069e-01
6.514615421745907353e-01
6.517843302046546494e-01
6.521066818203089532e-01
6.524285980300273957e-01
6.527500798424576978e-01
6.530711282663508310e-01
6.533917443104759748e-01
6.537119289835385816e-01
6.540316832940998859e-01
6.543510082504950809e-01
6.546699048607501625e-01
6.549883741325005504e-01
6.553064170729050453e-01
6.556240346885641168e-01
6.559412279854383021e-01
6.562579979687600540e-01
6.565743456429539160e-01
6.568902720115487037e-01
6.572057780770981239e-01
6.575208648410917345e-01
6.578355333038730102e-01
6.581497844645574080e-01
6.584636193209431054e-01
6.587770388694325074e-01
6.590900441049443170e-01
6.594026360208342652e-01
6.597148156088070703e-01
6.600265838588370571e-01
6.603379417590845568e-01
6.606488902958113085e-01
6.609594304533008557e-01
6.612695632137780555e-01
6.615792895573241461e-01
6.618886104617988098e-01
6.621975269027603472e-01
6.625060398533827444e-01
6.628141502843815092e-01
6.631218591639309601e-01
6.634291674575881759e-01
6.637360761282182775e-01
6.640425861359122717e-01
6.643486984379182170e-01
6.646544139885611768e-01
6.649597337391703888e-01
6.652646586380086546e-01
6.655691896301966226e-01
6.658733276576429549e-01
6.661770736589742725e-01
6.664804285694641006e-01
6.667833933209655894e-01
6.670859688418417921e-01
6.673881560569028260e-01
6.676899558873367058e-01
6.679913692506438405e-01
6.682923970605830766e-01
6.685930402270953143e-01
6.688932996562522160e-01
6.691931762501942549e-01
6.694926709070705417e-01
6.697917845209817589e-01
6.700905179819253155e-01
6.703888721757386149e-01
6.706868479840454311e-01
6.709844462842045054e-01
6.712816679492575878e-01
6.715785138478806982e-01
6.718749848443325012e-01
6.721710817984123398e-01
6.724668055654098309e-01
6.727621569960614556e-01
6.730571369365108136e-01
6.733517462282627708e-01
6.736459857081457114e-01
6.739398562082734578e-01
6.742333585560043030e-01
6.745264935739114787e-01
6.748192620797424102e-01
6.751116648863907388e-01
6.754037028018613498e-01
6.756953766292441710e-01
6.759866871666831978e-01
6.762776352073487374e-01
6.765682215394179799e-01
6.768584469460425801e-01
6.771483122053350012e-01
6.774378180903407598e-01
6.777269653690242146e-01
6.780157548042479165e-01
6.783041871537583978e-01
6.785922631701700736e-01
6.788799836009542510e-01
6.791673491884255842e-01
6.794543606697323046e-01
6.797410187768494483e-01
6.800273242365717508e-01
6.803132777705052092e-01
6.805988800950689699e-01
6.808841319214868903e-01
6.811690339557896490e-01
6.814535868988188527e-01
6.817377914462205979e-01
6.820216482884593479e-01
6.823051581108157126e-01
6.825883215933976622e-01
6.828711394111446342e-01
6.831536122338401906e-01
6.834357407261261175e-01
6.837175255475034241e-01
6.839989673523625413e-01
6.842800667899860967e-01
6.845608245045714524e-01
6.848412411352476914e-01
6.851213173160941583e-01
6.854010536761649952e-01
6.856804508395066833e-01
6.859595094251859093e-01
6.862382300473127694e-01
6.865166133150673033e-01
6.867946598327269170e-01
6.870723701996974686e-01
6.873497450105382489e-01
6.876267848550016160e-01
6.879034903180577532e-01
6.881798619799338601e-01
6.884559004161453499e-01
6.887316061975369275e-01
6.890069798903158960e-01
6.892820220560929023e-01
6.895567332519202397e-01
6.898311140303348132e-01
6.901051649393974419e-01
6.903788865227392657e-01
6.906522793195999377e-01
6.909253438648804702e-01
6.911980806891827589e-01
6.914704903188596541e-01
6.917425732760627000e-01
6.920143300787883200e-01
6.922857612409328842e-01
6.925568672723381169e-01
6.928276486788443878e-01
6.930981059623442242e-01
6.933682396208343812e-01
6.936380501484696870e-01
6.939075380356187761e-01
6.941767037689143827e-01
6.944455478313205088e-01
6.947140707021760564e-01
6.949822728572609964e-01
6.952501547688526573e-01
6.955177169057822351e-01
6.957849597334954117e-01
6.960518837141126403e-01
6.963184893064895409e-01
6.965847769662750766e-01
6.968507471459768343e-01
6.971164002950216432e-01
6.973817368598134170e-01
6.976467572838019882e-01
6.979114620075431707e-01
6.981758514687611550e-01
6.984399261024147876e-01
6.987036863407565246e-01
6.989671326134041518e-01
6.992302653473980723e-01
6.994930849672700290e-01
6.997555918951049447e-01
7.000177865506096442e-01
7.002796693511751380e-01
