1.999999999999999825e-04
2.000999999999999849e-04
2.001999999999999873e-04
2.002999999999999898e-04
2.003999999999999922e-04
2.004999999999999946e-04
2.005999999999999971e-04
2.006999999999999995e-04
2.008000000000000019e-04
2.009000000000000044e-04
2.010000000000000068e-04
2.011000000000000092e-04
2.012000000000000116e-04
2.013000000000000141e-04
2.014000000000000165e-04
2.015000000000000189e-04
2.016000000000000214e-04
2.017000000000000238e-04
2.018000000000000262e-04
2.019000000000000287e-04
2.020000000000000311e-04
2.021000000000000335e-04
2.022000000000000360e-04
2.023000000000000384e-04
2.024000000000000408e-04
2.025000000000000432e-04
2.026000000000000457e-04
2.027000000000000481e-04
2.028000000000000505e-04
2.029000000000000530e-04
2.030000000000000554e-04
2.031000000000000578e-04
2.032000000000000603e-04
2.033000000000000627e-04
2.034000000000000651e-04
2.035000000000000676e-04
2.036000000000000700e-04
2.037000000000000724e-04
2.038000000000000748e-04
2.039000000000000773e-04
2.040000000000000797e-04
2.041000000000000821e-04
2.042000000000000846e-04
2.043000000000000870e-04
2.044000000000000894e-04
2.045000000000000919e-04
2.046000000000000943e-04
2.047000000000000967e-04
2.048000000000000992e-04
2.049000000000001016e-04
2.050000000000001040e-04
2.051000000000001064e-04
2.052000000000001089e-04
2.053000000000001113e-04
2.054000000000001137e-04
2.055000000000001162e-04
2.056000000000001186e-04
2.057000000000001210e-04
2.058000000000001235e-04
2.059000000000001259e-04
2.060000000000001283e-04
2.061000000000001308e-04
2.062000000000001332e-04
2.063000000000001356e-04
2.064000000000001380e-04
2.065000000000001405e-04
2.066000000000001429e-04
2.067000000000001453e-04
2.068000000000001478e-04
2.069000000000001502e-04
2.070000000000001526e-04
2.071000000000001551e-04
2.072000000000001575e-04
2.073000000000001599e-04
2.074000000000001624e-04
2.075000000000001648e-04
2.076000000000001672e-04
2.077000000000001696e-04
2.078000000000001721e-04
2.079000000000001745e-04
2.080000000000001769e-04
2.081000000000001794e-04
2.082000000000001818e-04
2.083000000000001842e-04
2.084000000000001867e-04
2.085000000000001891e-04
2.086000000000001915e-04
2.087000000000001939e-04
2.088000000000001964e-04
2.089000000000001988e-04
2.090000000000002012e-04
2.091000000000002037e-04
2.092000000000002061e-04
2.093000000000002085e-04
2.094000000000002110e-04
2.095000000000002134e-04
2.096000000000002158e-04
2.097000000000002183e-04
2.098000000000002207e-04
2.099000000000002231e-04
2.100000000000002255e-04
2.101000000000002280e-04
2.102000000000002304e-04
2.103000000000002328e-04
2.104000000000002353e-04
2.105000000000002377e-04
2.106000000000002401e-04
2.107000000000002426e-04
2.108000000000002450e-04
2.109000000000002474e-04
2.110000000000002499e-04
2.111000000000002523e-04
2.112000000000002547e-04
2.113000000000002571e-04
2.114000000000002596e-04
2.115000000000002620e-04
2.116000000000002644e-04
2.117000000000002669e-04
2.118000000000002693e-04
2.119000000000002717e-04
2.120000000000002742e-04
2.121000000000002766e-04
2.122000000000002790e-04
2.123000000000002815e-04
2.124000000000002839e-04
2.125000000000002863e-04
2.126000000000002887e-04
2.127000000000002912e-04
2.128000000000002936e-04
2.129000000000002960e-04
2.130000000000002985e-04
2.131000000000003009e-04
2.132000000000003033e-04
2.133000000000003058e-04
2.134000000000003082e-04
2.135000000000003106e-04
2.136000000000003131e-04
2.137000000000003155e-04
2.138000000000003179e-04
2.139000000000003203e-04
2.140000000000003228e-04
2.141000000000003252e-04
2.142000000000003276e-04
2.143000000000003301e-04
2.144000000000003325e-04
2.145000000000003349e-04
2.146000000000003374e-04
2.147000000000003398e-04
2.148000000000003422e-04
2.149000000000003447e-04
2.150000000000003471e-04
2.151000000000003495e-04
2.152000000000003519e-04
2.153000000000003544e-04
2.154000000000003568e-04
2.155000000000003592e-04
2.156000000000003617e-04
2.157000000000003641e-04
2.158000000000003665e-04
2.159000000000003690e-04
2.160000000000003714e-04
2.161000000000003738e-04
2.162000000000003763e-04
2.163000000000003787e-04
2.164000000000003811e-04
2.165000000000003835e-04
2.166000000000003860e-04
2.167000000000003884e-04
2.168000000000003908e-04
2.169000000000003933e-04
2.170000000000003957e-04
2.171000000000003981e-04
2.172000000000004006e-04
2.173000000000004030e-04
2.174000000000004054e-04
2.175000000000004079e-04
2.176000000000004103e-04
2.177000000000004127e-04
2.178000000000004151e-04
2.179000000000004176e-04
2.180000000000004200e-04
2.181000000000004224e-04
2.182000000000004249e-04
2.183000000000004273e-04
2.184000000000004297e-04
2.185000000000004322e-04
2.186000000000004346e-04
2.187000000000004370e-04
2.188000000000004394e-04
2.189000000000004419e-04
2.190000000000004443e-04
2.191000000000004467e-04
2.192000000000004492e-04
2.193000000000004516e-04
2.194000000000004540e-04
2.195000000000004565e-04
2.196000000000004589e-04
2.197000000000004613e-04
2.198000000000004638e-04
2.199000000000004662e-04
2.200000000000004686e-04
2.201000000000004710e-04
2.202000000000004735e-04
2.203000000000004759e-04
2.204000000000004783e-04
2.205000000000004808e-04
2.206000000000004832e-04
2.207000000000004856e-04
2.208000000000004881e-04
2.209000000000004905e-04
2.210000000000004929e-04
2.211000000000004954e-04
2.212000000000004978e-04
2.213000000000005002e-04
2.214000000000005026e-04
2.215000000000005051e-04
2.216000000000005075e-04
2.217000000000005099e-04
2.218000000000005124e-04
2.219000000000005148e-04
2.220000000000005172e-04
2.221000000000005197e-04
2.222000000000005221e-04
2.223000000000005245e-04
2.224000000000005270e-04
2.225000000000005294e-04
2.226000000000005318e-04
2.227000000000005342e-04
2.228000000000005367e-04
2.229000000000005391e-04
2.230000000000005415e-04
2.231000000000005440e-04
2.232000000000005464e-04
2.233000000000005488e-04
2.234000000000005513e-04
2.235000000000005537e-04
2.236000000000005561e-04
2.237000000000005586e-04
2.238000000000005610e-04
2.239000000000005634e-04
2.240000000000005658e-04
2.241000000000005683e-04
2.242000000000005707e-04
2.243000000000005731e-04
2.244000000000005756e-04
2.245000000000005780e-04
2.246000000000005804e-04
2.247000000000005829e-04
2.248000000000005853e-04
2.249000000000005877e-04
2.250000000000005902e-04
2.251000000000005926e-04
2.252000000000005950e-04
2.253000000000005974e-04
2.254000000000005999e-04
2.255000000000006023e-04
2.256000000000006047e-04
2.257000000000006072e-04
2.258000000000006096e-04
2.259000000000006120e-04
2.260000000000006145e-04
2.261000000000006169e-04
2.262000000000006193e-04
2.263000000000006218e-04
2.264000000000006242e-04
2.265000000000006266e-04
2.266000000000006290e-04
2.267000000000006315e-04
2.268000000000006339e-04
2.269000000000006363e-04
2.270000000000006388e-04
2.271000000000006412e-04
2.272000000000006436e-04
2.273000000000006461e-04
2.274000000000006485e-04
2.275000000000006509e-04
2.276000000000006534e-04
2.277000000000006558e-04
2.278000000000006582e-04
2.279000000000006606e-04
2.280000000000006631e-04
2.281000000000006655e-04
2.282000000000006679e-04
2.283000000000006704e-04
2.284000000000006728e-04
2.285000000000006752e-04
2.286000000000006777e-04
2.287000000000006801e-04
2.288000000000006825e-04
2.289000000000006850e-04
2.290000000000006874e-04
2.291000000000006898e-04
2.292000000000006922e-04
2.293000000000006947e-04
2.294000000000006971e-04
2.295000000000006995e-04
2.296000000000007020e-04
2.297000000000007044e-04
2.298000000000007068e-04
2.299000000000007093e-04
2.300000000000007117e-04
2.301000000000007141e-04
2.302000000000007165e-04
2.303000000000007190e-04
2.304000000000007214e-04
2.305000000000007238e-04
2.306000000000007263e-04
2.307000000000007287e-04
2.308000000000007311e-04
2.309000000000007336e-04
2.310000000000007360e-04
2.311000000000007384e-04
2.312000000000007409e-04
2.313000000000007433e-04
2.314000000000007457e-04
2.315000000000007481e-04
2.316000000000007506e-04
2.317000000000007530e-04
2.318000000000007554e-04
2.319000000000007579e-04
2.320000000000007603e-04
2.321000000000007627e-04
2.322000000000007652e-04
2.323000000000007676e-04
2.324000000000007700e-04
2.325000000000007725e-04
2.326000000000007749e-04
2.327000000000007773e-04
2.328000000000007797e-04
2.329000000000007822e-04
2.330000000000007846e-04
2.331000000000007870e-04
2.332000000000007895e-04
2.333000000000007919e-04
2.334000000000007943e-04
2.335000000000007968e-04
2.336000000000007992e-04
2.337000000000008016e-04
2.338000000000008041e-04
2.339000000000008065e-04
2.340000000000008089e-04
2.341000000000008113e-04
2.342000000000008138e-04
2.343000000000008162e-04
2.344000000000008186e-04
2.345000000000008211e-04
2.346000000000008235e-04
2.347000000000008259e-04
2.348000000000008284e-04
2.349000000000008308e-04
2.350000000000008332e-04
2.351000000000008357e-04
2.352000000000008381e-04
2.353000000000008405e-04
2.354000000000008429e-04
2.355000000000008454e-04
2.356000000000008478e-04
2.357000000000008502e-04
2.358000000000008527e-04
2.359000000000008551e-04
2.360000000000008575e-04
2.361000000000008600e-04
2.362000000000008624e-04
2.363000000000008648e-04
2.364000000000008673e-04
2.365000000000008697e-04
2.366000000000008721e-04
2.367000000000008745e-04
2.368000000000008770e-04
2.369000000000008794e-04
2.370000000000008818e-04
2.371000000000008843e-04
2.372000000000008867e-04
2.373000000000008891e-04
2.374000000000008916e-04
2.375000000000008940e-04
2.376000000000008964e-04
2.377000000000008989e-04
2.378000000000009013e-04
2.379000000000009037e-04
2.380000000000009061e-04
2.381000000000009086e-04
2.382000000000009110e-04
2.383000000000009134e-04
2.384000000000009159e-04
2.385000000000009183e-04
2.386000000000009207e-04
2.387000000000009232e-04
2.388000000000009256e-04
2.389000000000009280e-04
2.390000000000009305e-04
2.391000000000009329e-04
2.392000000000009353e-04
2.393000000000009377e-04
2.394000000000009402e-04
2.395000000000009426e-04
2.396000000000009450e-04
2.397000000000009475e-04
2.398000000000009499e-04
2.399000000000009523e-04
2.400000000000009548e-04
2.401000000000009572e-04
2.402000000000009596e-04
2.403000000000009620e-04
2.404000000000009645e-04
2.405000000000009669e-04
2.406000000000009693e-04
2.407000000000009718e-04
2.408000000000009742e-04
2.409000000000009766e-04
2.410000000000009791e-04
2.411000000000009815e-04
2.412000000000009839e-04
2.413000000000009864e-04
2.414000000000009888e-04
2.415000000000009912e-04
2.416000000000009936e-04
2.417000000000009961e-04
2.418000000000009985e-04
2.419000000000010009e-04
2.420000000000010034e-04
2.421000000000010058e-04
2.422000000000010082e-04
2.423000000000010107e-04
2.424000000000010131e-04
2.425000000000010155e-04
2.426000000000010180e-04
2.427000000000010204e-04
2.428000000000010228e-04
2.429000000000010252e-04
2.430000000000010277e-04
2.431000000000010301e-04
2.432000000000010325e-04
2.433000000000010350e-04
2.434000000000010374e-04
2.435000000000010398e-04
2.436000000000010423e-04
2.437000000000010447e-04
2.438000000000010471e-04
2.439000000000010496e-04
2.440000000000010520e-04
2.441000000000010544e-04
2.442000000000010568e-04
2.443000000000010593e-04
2.444000000000010617e-04
2.445000000000010641e-04
2.446000000000010666e-04
2.447000000000010690e-04
2.448000000000010714e-04
2.449000000000010739e-04
2.450000000000010763e-04
2.451000000000010787e-04
2.452000000000010812e-04
2.453000000000010836e-04
2.454000000000010860e-04
2.455000000000010884e-04
2.456000000000010909e-04
2.457000000000010933e-04
2.458000000000010957e-04
2.459000000000010982e-04
2.460000000000011006e-04
2.461000000000011030e-04
2.462000000000011055e-04
2.463000000000011079e-04
2.464000000000011103e-04
2.465000000000011128e-04
2.466000000000011152e-04
2.467000000000011176e-04
2.468000000000011200e-04
2.469000000000011225e-04
2.470000000000011249e-04
2.471000000000011273e-04
2.472000000000011298e-04
2.473000000000011322e-04
2.474000000000011346e-04
2.475000000000011371e-04
2.476000000000011395e-04
2.477000000000011419e-04
2.478000000000011444e-04
2.479000000000011468e-04
2.480000000000011492e-04
2.481000000000011516e-04
2.482000000000011541e-04
2.483000000000011565e-04
2.484000000000011589e-04
2.485000000000011614e-04
2.486000000000011638e-04
2.487000000000011662e-04
2.488000000000011687e-04
2.489000000000011711e-04
2.490000000000011735e-04
2.491000000000011760e-04
2.492000000000011784e-04
2.493000000000011808e-04
2.494000000000011832e-04
2.495000000000011857e-04
2.496000000000011881e-04
2.497000000000011905e-04
2.498000000000011930e-04
2.499000000000011954e-04
2.500000000000011978e-04
2.501000000000012003e-04
2.502000000000012027e-04
2.503000000000012051e-04
2.504000000000012075e-04
2.505000000000012100e-04
2.506000000000012124e-04
2.507000000000012148e-04
2.508000000000012173e-04
2.509000000000012197e-04
2.510000000000012221e-04
2.511000000000012246e-04
2.512000000000012270e-04
2.513000000000012294e-04
2.514000000000012319e-04
2.515000000000012343e-04
2.516000000000012367e-04
2.517000000000012391e-04
2.518000000000012416e-04
2.519000000000012440e-04
2.520000000000012464e-04
2.521000000000012489e-04
2.522000000000012513e-04
2.523000000000012537e-04
2.524000000000012562e-04
2.525000000000012586e-04
2.526000000000012610e-04
2.527000000000012635e-04
2.528000000000012659e-04
2.529000000000012683e-04
2.530000000000012707e-04
2.531000000000012732e-04
2.532000000000012756e-04
2.533000000000012780e-04
2.534000000000012805e-04
2.535000000000012829e-04
2.536000000000012853e-04
2.537000000000012878e-04
2.538000000000012902e-04
2.539000000000012926e-04
2.540000000000012951e-04
2.541000000000012975e-04
2.542000000000012999e-04
2.543000000000013023e-04
2.544000000000013048e-04
2.545000000000013072e-04
2.546000000000013096e-04
2.547000000000013121e-04
2.548000000000013145e-04
2.549000000000013169e-04
2.550000000000013194e-04
2.551000000000013218e-04
2.552000000000013242e-04
2.553000000000013267e-04
2.554000000000013291e-04
2.555000000000013315e-04
2.556000000000013339e-04
2.557000000000013364e-04
2.558000000000013388e-04
2.559000000000013412e-04
2.560000000000013437e-04
2.561000000000013461e-04
2.562000000000013485e-04
2.563000000000013510e-04
2.564000000000013534e-04
2.565000000000013558e-04
2.566000000000013583e-04
2.567000000000013607e-04
2.568000000000013631e-04
2.569000000000013655e-04
2.570000000000013680e-04
2.571000000000013704e-04
2.572000000000013728e-04
2.573000000000013753e-04
2.574000000000013777e-04
2.575000000000013801e-04
2.576000000000013826e-04
2.577000000000013850e-04
2.578000000000013874e-04
2.579000000000013899e-04
2.580000000000013923e-04
2.581000000000013947e-04
2.582000000000013971e-04
2.583000000000013996e-04
2.584000000000014020e-04
2.585000000000014044e-04
2.586000000000014069e-04
2.587000000000014093e-04
2.588000000000014117e-04
2.589000000000014142e-04
2.590000000000014166e-04
2.591000000000014190e-04
2.592000000000014215e-04
2.593000000000014239e-04
2.594000000000014263e-04
2.595000000000014287e-04
2.596000000000014312e-04
2.597000000000014336e-04
2.598000000000014360e-04
2.599000000000014385e-04
2.600000000000014409e-04
2.601000000000014433e-04
2.602000000000014458e-04
2.603000000000014482e-04
2.604000000000014506e-04
2.605000000000014530e-04
2.606000000000014555e-04
2.607000000000014579e-04
2.608000000000014603e-04
2.609000000000014628e-04
2.610000000000014652e-04
2.611000000000014676e-04
2.612000000000014701e-04
2.613000000000014725e-04
2.614000000000014749e-04
2.615000000000014774e-04
2.616000000000014798e-04
2.617000000000014822e-04
2.618000000000014846e-04
2.619000000000014871e-04
2.620000000000014895e-04
2.621000000000014919e-04
2.622000000000014944e-04
2.623000000000014968e-04
2.624000000000014992e-04
2.625000000000015017e-04
2.626000000000015041e-04
2.627000000000015065e-04
2.628000000000015090e-04
2.629000000000015114e-04
2.630000000000015138e-04
2.631000000000015162e-04
2.632000000000015187e-04
2.633000000000015211e-04
2.634000000000015235e-04
2.635000000000015260e-04
2.636000000000015284e-04
2.637000000000015308e-04
2.638000000000015333e-04
2.639000000000015357e-04
2.640000000000015381e-04
2.641000000000015406e-04
2.642000000000015430e-04
2.643000000000015454e-04
2.644000000000015478e-04
2.645000000000015503e-04
2.646000000000015527e-04
2.647000000000015551e-04
2.648000000000015576e-04
2.649000000000015600e-04
2.650000000000015624e-04
2.651000000000015649e-04
2.652000000000015673e-04
2.653000000000015697e-04
2.654000000000015722e-04
2.655000000000015746e-04
2.656000000000015770e-04
2.657000000000015794e-04
2.658000000000015819e-04
2.659000000000015843e-04
2.660000000000015867e-04
2.661000000000015892e-04
2.662000000000015916e-04
2.663000000000015940e-04
2.664000000000015965e-04
2.665000000000015989e-04
2.666000000000016013e-04
2.667000000000016038e-04
2.668000000000016062e-04
2.669000000000016086e-04
2.670000000000016110e-04
2.671000000000016135e-04
2.672000000000016159e-04
2.673000000000016183e-04
2.674000000000016208e-04
2.675000000000016232e-04
2.676000000000016256e-04
2.677000000000016281e-04
2.678000000000016305e-04
2.679000000000016329e-04
2.680000000000016354e-04
2.681000000000016378e-04
2.682000000000016402e-04
2.683000000000016426e-04
2.684000000000016451e-04
2.685000000000016475e-04
2.686000000000016499e-04
2.687000000000016524e-04
2.688000000000016548e-04
2.689000000000016572e-04
2.690000000000016597e-04
2.691000000000016621e-04
2.692000000000016645e-04
2.693000000000016670e-04
2.694000000000016694e-04
2.695000000000016718e-04
2.696000000000016742e-04
2.697000000000016767e-04
2.698000000000016791e-04
2.699000000000016815e-04
2.700000000000016840e-04
2.701000000000016864e-04
2.702000000000016888e-04
2.703000000000016913e-04
2.704000000000016937e-04
2.705000000000016961e-04
2.706000000000016985e-04
2.707000000000017010e-04
2.708000000000017034e-04
2.709000000000017058e-04
2.710000000000017083e-04
2.711000000000017107e-04
2.712000000000017131e-04
2.713000000000017156e-04
2.714000000000017180e-04
2.715000000000017204e-04
2.716000000000017229e-04
2.717000000000017253e-04
2.718000000000017277e-04
2.719000000000017301e-04
2.720000000000017326e-04
2.721000000000017350e-04
2.722000000000017374e-04
2.723000000000017399e-04
2.724000000000017423e-04
2.725000000000017447e-04
2.726000000000017472e-04
2.727000000000017496e-04
2.728000000000017520e-04
2.729000000000017545e-04
2.730000000000017569e-04
2.731000000000017593e-04
2.732000000000017617e-04
2.733000000000017642e-04
2.734000000000017666e-04
2.735000000000017690e-04
2.736000000000017715e-04
2.737000000000017739e-04
2.738000000000017763e-04
2.739000000000017788e-04
2.740000000000017812e-04
2.741000000000017836e-04
2.742000000000017861e-04
2.743000000000017885e-04
2.744000000000017909e-04
2.745000000000017933e-04
2.746000000000017958e-04
2.747000000000017982e-04
2.748000000000018006e-04
2.749000000000018031e-04
2.750000000000018055e-04
2.751000000000018079e-04
2.752000000000018104e-04
2.753000000000018128e-04
2.754000000000018152e-04
2.755000000000018177e-04
2.756000000000018201e-04
2.757000000000018225e-04
2.758000000000018249e-04
2.759000000000018274e-04
2.760000000000018298e-04
2.761000000000018322e-04
2.762000000000018347e-04
2.763000000000018371e-04
2.764000000000018395e-04
2.765000000000018420e-04
2.766000000000018444e-04
2.767000000000018468e-04
2.768000000000018493e-04
2.769000000000018517e-04
2.770000000000018541e-04
2.771000000000018565e-04
2.772000000000018590e-04
2.773000000000018614e-04
2.774000000000018638e-04
2.775000000000018663e-04
2.776000000000018687e-04
2.777000000000018711e-04
2.778000000000018736e-04
2.779000000000018760e-04
2.780000000000018784e-04
2.781000000000018809e-04
2.782000000000018833e-04
2.783000000000018857e-04
2.784000000000018881e-04
2.785000000000018906e-04
2.786000000000018930e-04
2.787000000000018954e-04
2.788000000000018979e-04
2.789000000000019003e-04
2.790000000000019027e-04
2.791000000000019052e-04
2.792000000000019076e-04
2.793000000000019100e-04
2.794000000000019125e-04
2.795000000000019149e-04
2.796000000000019173e-04
2.797000000000019197e-04
2.798000000000019222e-04
2.799000000000019246e-04
2.800000000000019270e-04
2.801000000000019295e-04
2.802000000000019319e-04
2.803000000000019343e-04
2.804000000000019368e-04
2.805000000000019392e-04
2.806000000000019416e-04
2.807000000000019440e-04
2.808000000000019465e-04
2.809000000000019489e-04
2.810000000000019513e-04
2.811000000000019538e-04
2.812000000000019562e-04
2.813000000000019586e-04
2.814000000000019611e-04
2.815000000000019635e-04
2.816000000000019659e-04
2.817000000000019684e-04
2.818000000000019708e-04
2.819000000000019732e-04
2.820000000000019756e-04
2.821000000000019781e-04
2.822000000000019805e-04
2.823000000000019829e-04
2.824000000000019854e-04
2.825000000000019878e-04
2.826000000000019902e-04
2.827000000000019927e-04
2.828000000000019951e-04
2.829000000000019975e-04
2.830000000000020000e-04
2.831000000000020024e-04
2.832000000000020048e-04
2.833000000000020072e-04
2.834000000000020097e-04
2.835000000000020121e-04
2.836000000000020145e-04
2.837000000000020170e-04
2.838000000000020194e-04
2.839000000000020218e-04
2.840000000000020243e-04
2.841000000000020267e-04
2.842000000000020291e-04
2.843000000000020316e-04
2.844000000000020340e-04
2.845000000000020364e-04
2.846000000000020388e-04
2.847000000000020413e-04
2.848000000000020437e-04
2.849000000000020461e-04
2.850000000000020486e-04
2.851000000000020510e-04
2.852000000000020534e-04
2.853000000000020559e-04
2.854000000000020583e-04
2.855000000000020607e-04
2.856000000000020632e-04
2.857000000000020656e-04
2.858000000000020680e-04
2.859000000000020704e-04
2.860000000000020729e-04
2.861000000000020753e-04
2.862000000000020777e-04
2.863000000000020802e-04
2.864000000000020826e-04
2.865000000000020850e-04
2.866000000000020875e-04
2.867000000000020899e-04
2.868000000000020923e-04
2.869000000000020948e-04
2.870000000000020972e-04
2.871000000000020996e-04
2.872000000000021020e-04
2.873000000000021045e-04
2.874000000000021069e-04
2.875000000000021093e-04
2.876000000000021118e-04
2.877000000000021142e-04
2.878000000000021166e-04
2.879000000000021191e-04
2.880000000000021215e-04
2.881000000000021239e-04
2.882000000000021264e-04
2.883000000000021288e-04
2.884000000000021312e-04
2.885000000000021336e-04
2.886000000000021361e-04
2.887000000000021385e-04
2.888000000000021409e-04
2.889000000000021434e-04
2.890000000000021458e-04
2.891000000000021482e-04
2.892000000000021507e-04
2.893000000000021531e-04
2.894000000000021555e-04
2.895000000000021580e-04
2.896000000000021604e-04
2.897000000000021628e-04
2.898000000000021652e-04
2.899000000000021677e-04
2.900000000000021701e-04
2.901000000000021725e-04
2.902000000000021750e-04
2.903000000000021774e-04
2.904000000000021798e-04
2.905000000000021823e-04
2.906000000000021847e-04
2.907000000000021871e-04
2.908000000000021895e-04
2.909000000000021920e-04
2.910000000000021944e-04
2.911000000000021968e-04
2.912000000000021993e-04
2.913000000000022017e-04
2.914000000000022041e-04
2.915000000000022066e-04
2.916000000000022090e-04
2.917000000000022114e-04
2.918000000000022139e-04
2.919000000000022163e-04
2.920000000000022187e-04
2.921000000000022211e-04
2.922000000000022236e-04
2.923000000000022260e-04
2.924000000000022284e-04
2.925000000000022309e-04
2.926000000000022333e-04
2.927000000000022357e-04
2.928000000000022382e-04
2.929000000000022406e-04
2.930000000000022430e-04
2.931000000000022455e-04
2.932000000000022479e-04
2.933000000000022503e-04
2.934000000000022527e-04
2.935000000000022552e-04
2.936000000000022576e-04
2.937000000000022600e-04
2.938000000000022625e-04
2.939000000000022649e-04
2.940000000000022673e-04
2.941000000000022698e-04
2.942000000000022722e-04
2.943000000000022746e-04
2.944000000000022771e-04
2.945000000000022795e-04
2.946000000000022819e-04
2.947000000000022843e-04
2.948000000000022868e-04
2.949000000000022892e-04
2.950000000000022916e-04
2.951000000000022941e-04
2.952000000000022965e-04
2.953000000000022989e-04
2.954000000000023014e-04
2.955000000000023038e-04
2.956000000000023062e-04
2.957000000000023087e-04
2.958000000000023111e-04
2.959000000000023135e-04
2.960000000000023159e-04
2.961000000000023184e-04
2.962000000000023208e-04
2.963000000000023232e-04
2.964000000000023257e-04
2.965000000000023281e-04
2.966000000000023305e-04
2.967000000000023330e-04
2.968000000000023354e-04
2.969000000000023378e-04
2.970000000000023403e-04
2.971000000000023427e-04
2.972000000000023451e-04
2.973000000000023475e-04
2.974000000000023500e-04
2.975000000000023524e-04
2.976000000000023548e-04
2.977000000000023573e-04
2.978000000000023597e-04
2.979000000000023621e-04
2.980000000000023646e-04
2.981000000000023670e-04
2.982000000000023694e-04
2.983000000000023719e-04
2.984000000000023743e-04
2.985000000000023767e-04
2.986000000000023791e-04
2.987000000000023816e-04
2.988000000000023840e-04
2.989000000000023864e-04
2.990000000000023889e-04
2.991000000000023913e-04
2.992000000000023937e-04
2.993000000000023962e-04
2.994000000000023986e-04
2.995000000000024010e-04
2.996000000000024035e-04
2.997000000000024059e-04
2.998000000000024083e-04
2.999000000000024107e-04
3.000000000000024132e-04
3.001000000000024156e-04
3.002000000000024180e-04
3.003000000000024205e-04
3.004000000000024229e-04
3.005000000000024253e-04
3.006000000000024278e-04
3.007000000000024302e-04
3.008000000000024326e-04
3.009000000000024351e-04
3.010000000000024375e-04
3.011000000000024399e-04
3.012000000000024423e-04
3.013000000000024448e-04
3.014000000000024472e-04
3.015000000000024496e-04
3.016000000000024521e-04
3.017000000000024545e-04
3.018000000000024569e-04
3.019000000000024594e-04
3.020000000000024618e-04
3.021000000000024642e-04
3.022000000000024666e-04
3.023000000000024691e-04
3.024000000000024715e-04
3.025000000000024739e-04
3.026000000000024764e-04
3.027000000000024788e-04
3.028000000000024812e-04
3.029000000000024837e-04
3.030000000000024861e-04
3.031000000000024885e-04
3.032000000000024910e-04
3.033000000000024934e-04
3.034000000000024958e-04
3.035000000000024982e-04
3.036000000000025007e-04
3.037000000000025031e-04
3.038000000000025055e-04
3.039000000000025080e-04
3.040000000000025104e-04
3.041000000000025128e-04
3.042000000000025153e-04
3.043000000000025177e-04
3.044000000000025201e-04
3.045000000000025226e-04
3.046000000000025250e-04
3.047000000000025274e-04
3.048000000000025298e-04
3.049000000000025323e-04
3.050000000000025347e-04
3.051000000000025371e-04
3.052000000000025396e-04
3.053000000000025420e-04
3.054000000000025444e-04
3.055000000000025469e-04
3.056000000000025493e-04
3.057000000000025517e-04
3.058000000000025542e-04
3.059000000000025566e-04
3.060000000000025590e-04
3.061000000000025614e-04
3.062000000000025639e-04
3.063000000000025663e-04
3.064000000000025687e-04
3.065000000000025712e-04
3.066000000000025736e-04
3.067000000000025760e-04
3.068000000000025785e-04
3.069000000000025809e-04
3.070000000000025833e-04
3.071000000000025858e-04
3.072000000000025882e-04
3.073000000000025906e-04
3.074000000000025930e-04
3.075000000000025955e-04
3.076000000000025979e-04
3.077000000000026003e-04
3.078000000000026028e-04
3.079000000000026052e-04
3.080000000000026076e-04
3.081000000000026101e-04
3.082000000000026125e-04
3.083000000000026149e-04
3.084000000000026174e-04
3.085000000000026198e-04
3.086000000000026222e-04
3.087000000000026246e-04
3.088000000000026271e-04
3.089000000000026295e-04
3.090000000000026319e-04
3.091000000000026344e-04
3.092000000000026368e-04
3.093000000000026392e-04
3.094000000000026417e-04
3.095000000000026441e-04
3.096000000000026465e-04
3.097000000000026490e-04
3.098000000000026514e-04
3.099000000000026538e-04
3.100000000000026562e-04
3.101000000000026587e-04
3.102000000000026611e-04
3.103000000000026635e-04
3.104000000000026660e-04
3.105000000000026684e-04
3.106000000000026708e-04
3.107000000000026733e-04
3.108000000000026757e-04
3.109000000000026781e-04
3.110000000000026806e-04
3.111000000000026830e-04
3.112000000000026854e-04
3.113000000000026878e-04
3.114000000000026903e-04
3.115000000000026927e-04
3.116000000000026951e-04
3.117000000000026976e-04
3.118000000000027000e-04
3.119000000000027024e-04
3.120000000000027049e-04
3.121000000000027073e-04
3.122000000000027097e-04
3.123000000000027121e-04
3.124000000000027146e-04
3.125000000000027170e-04
3.126000000000027194e-04
3.127000000000027219e-04
3.128000000000027243e-04
3.129000000000027267e-04
3.130000000000027292e-04
3.131000000000027316e-04
3.132000000000027340e-04
3.133000000000027365e-04
3.134000000000027389e-04
3.135000000000027413e-04
3.136000000000027437e-04
3.137000000000027462e-04
3.138000000000027486e-04
3.139000000000027510e-04
3.140000000000027535e-04
3.141000000000027559e-04
3.142000000000027583e-04
3.143000000000027608e-04
3.144000000000027632e-04
3.145000000000027656e-04
3.146000000000027681e-04
3.147000000000027705e-04
3.148000000000027729e-04
3.149000000000027753e-04
3.150000000000027778e-04
3.151000000000027802e-04
3.152000000000027826e-04
3.153000000000027851e-04
3.154000000000027875e-04
3.155000000000027899e-04
3.156000000000027924e-04
3.157000000000027948e-04
3.158000000000027972e-04
3.159000000000027997e-04
3.160000000000028021e-04
3.161000000000028045e-04
3.162000000000028069e-04
3.163000000000028094e-04
3.164000000000028118e-04
3.165000000000028142e-04
3.166000000000028167e-04
3.167000000000028191e-04
3.168000000000028215e-04
3.169000000000028240e-04
3.170000000000028264e-04
3.171000000000028288e-04
3.172000000000028313e-04
3.173000000000028337e-04
3.174000000000028361e-04
3.175000000000028385e-04
3.176000000000028410e-04
3.177000000000028434e-04
3.178000000000028458e-04
3.179000000000028483e-04
3.180000000000028507e-04
3.181000000000028531e-04
3.182000000000028556e-04
3.183000000000028580e-04
3.184000000000028604e-04
3.185000000000028629e-04
3.186000000000028653e-04
3.187000000000028677e-04
3.188000000000028701e-04
3.189000000000028726e-04
3.190000000000028750e-04
3.191000000000028774e-04
3.192000000000028799e-04
3.193000000000028823e-04
3.194000000000028847e-04
3.195000000000028872e-04
3.196000000000028896e-04
3.197000000000028920e-04
3.198000000000028945e-04
3.199000000000028969e-04
3.200000000000028993e-04
3.201000000000029017e-04
3.202000000000029042e-04
3.203000000000029066e-04
3.204000000000029090e-04
3.205000000000029115e-04
3.206000000000029139e-04
3.207000000000029163e-04
3.208000000000029188e-04
3.209000000000029212e-04
3.210000000000029236e-04
3.211000000000029261e-04
3.212000000000029285e-04
3.213000000000029309e-04
3.214000000000029333e-04
3.215000000000029358e-04
3.216000000000029382e-04
3.217000000000029406e-04
3.218000000000029431e-04
3.219000000000029455e-04
3.220000000000029479e-04
3.221000000000029504e-04
3.222000000000029528e-04
3.223000000000029552e-04
3.224000000000029576e-04
3.225000000000029601e-04
3.226000000000029625e-04
3.227000000000029649e-04
3.228000000000029674e-04
3.229000000000029698e-04
3.230000000000029722e-04
3.231000000000029747e-04
3.232000000000029771e-04
3.233000000000029795e-04
3.234000000000029820e-04
3.235000000000029844e-04
3.236000000000029868e-04
3.237000000000029892e-04
3.238000000000029917e-04
3.239000000000029941e-04
3.240000000000029965e-04
3.241000000000029990e-04
3.242000000000030014e-04
3.243000000000030038e-04
3.244000000000030063e-04
3.245000000000030087e-04
3.246000000000030111e-04
3.247000000000030136e-04
3.248000000000030160e-04
3.249000000000030184e-04
3.250000000000030208e-04
3.251000000000030233e-04
3.252000000000030257e-04
3.253000000000030281e-04
3.254000000000030306e-04
3.255000000000030330e-04
3.256000000000030354e-04
3.257000000000030379e-04
3.258000000000030403e-04
3.259000000000030427e-04
3.260000000000030452e-04
3.261000000000030476e-04
3.262000000000030500e-04
3.263000000000030524e-04
3.264000000000030549e-04
3.265000000000030573e-04
3.266000000000030597e-04
3.267000000000030622e-04
3.268000000000030646e-04
3.269000000000030670e-04
3.270000000000030695e-04
3.271000000000030719e-04
3.272000000000030743e-04
3.273000000000030768e-04
3.274000000000030792e-04
3.275000000000030816e-04
3.276000000000030840e-04
3.277000000000030865e-04
3.278000000000030889e-04
3.279000000000030913e-04
3.280000000000030938e-04
3.281000000000030962e-04
3.282000000000030986e-04
3.283000000000031011e-04
3.284000000000031035e-04
3.285000000000031059e-04
3.286000000000031084e-04
3.287000000000031108e-04
3.288000000000031132e-04
3.289000000000031156e-04
3.290000000000031181e-04
3.291000000000031205e-04
3.292000000000031229e-04
3.293000000000031254e-04
3.294000000000031278e-04
3.295000000000031302e-04
3.296000000000031327e-04
3.297000000000031351e-04
3.298000000000031375e-04
3.299000000000031400e-04
3.300000000000031424e-04
3.301000000000031448e-04
3.302000000000031472e-04
3.303000000000031497e-04
3.304000000000031521e-04
3.305000000000031545e-04
3.306000000000031570e-04
3.307000000000031594e-04
3.308000000000031618e-04
3.309000000000031643e-04
3.310000000000031667e-04
3.311000000000031691e-04
3.312000000000031716e-04
3.313000000000031740e-04
3.314000000000031764e-04
3.315000000000031788e-04
3.316000000000031813e-04
3.317000000000031837e-04
3.318000000000031861e-04
3.319000000000031886e-04
3.320000000000031910e-04
3.321000000000031934e-04
3.322000000000031959e-04
3.323000000000031983e-04
3.324000000000032007e-04
3.325000000000032031e-04
3.326000000000032056e-04
3.327000000000032080e-04
3.328000000000032104e-04
3.329000000000032129e-04
3.330000000000032153e-04
3.331000000000032177e-04
3.332000000000032202e-04
3.333000000000032226e-04
3.334000000000032250e-04
3.335000000000032275e-04
3.336000000000032299e-04
3.337000000000032323e-04
3.338000000000032347e-04
3.339000000000032372e-04
3.340000000000032396e-04
3.341000000000032420e-04
3.342000000000032445e-04
3.343000000000032469e-04
3.344000000000032493e-04
3.345000000000032518e-04
3.346000000000032542e-04
3.347000000000032566e-04
3.348000000000032591e-04
3.349000000000032615e-04
3.350000000000032639e-04
3.351000000000032663e-04
3.352000000000032688e-04
3.353000000000032712e-04
3.354000000000032736e-04
3.355000000000032761e-04
3.356000000000032785e-04
3.357000000000032809e-04
3.358000000000032834e-04
3.359000000000032858e-04
3.360000000000032882e-04
3.361000000000032907e-04
3.362000000000032931e-04
3.363000000000032955e-04
3.364000000000032979e-04
3.365000000000033004e-04
3.366000000000033028e-04
3.367000000000033052e-04
3.368000000000033077e-04
3.369000000000033101e-04
3.370000000000033125e-04
3.371000000000033150e-04
3.372000000000033174e-04
3.373000000000033198e-04
3.374000000000033223e-04
3.375000000000033247e-04
3.376000000000033271e-04
3.377000000000033295e-04
3.378000000000033320e-04
3.379000000000033344e-04
3.380000000000033368e-04
3.381000000000033393e-04
3.382000000000033417e-04
3.383000000000033441e-04
3.384000000000033466e-04
3.385000000000033490e-04
3.386000000000033514e-04
3.387000000000033539e-04
3.388000000000033563e-04
3.389000000000033587e-04
3.390000000000033611e-04
3.391000000000033636e-04
3.392000000000033660e-04
3.393000000000033684e-04
3.394000000000033709e-04
3.395000000000033733e-04
3.396000000000033757e-04
3.397000000000033782e-04
3.398000000000033806e-04
3.399000000000033830e-04
3.400000000000033855e-04
3.401000000000033879e-04
3.402000000000033903e-04
3.403000000000033927e-04
3.404000000000033952e-04
3.405000000000033976e-04
3.406000000000034000e-04
3.407000000000034025e-04
3.408000000000034049e-04
3.409000000000034073e-04
3.410000000000034098e-04
3.411000000000034122e-04
3.412000000000034146e-04
3.413000000000034171e-04
3.414000000000034195e-04
3.415000000000034219e-04
3.416000000000034243e-04
3.417000000000034268e-04
3.418000000000034292e-04
3.419000000000034316e-04
3.420000000000034341e-04
3.421000000000034365e-04
3.422000000000034389e-04
3.423000000000034414e-04
3.424000000000034438e-04
3.425000000000034462e-04
3.426000000000034486e-04
3.427000000000034511e-04
3.428000000000034535e-04
3.429000000000034559e-04
3.430000000000034584e-04
3.431000000000034608e-04
3.432000000000034632e-04
3.433000000000034657e-04
3.434000000000034681e-04
3.435000000000034705e-04
3.436000000000034730e-04
3.437000000000034754e-04
3.438000000000034778e-04
3.439000000000034802e-04
3.440000000000034827e-04
3.441000000000034851e-04
3.442000000000034875e-04
3.443000000000034900e-04
3.444000000000034924e-04
3.445000000000034948e-04
3.446000000000034973e-04
3.447000000000034997e-04
3.448000000000035021e-04
3.449000000000035046e-04
3.450000000000035070e-04
3.451000000000035094e-04
3.452000000000035118e-04
3.453000000000035143e-04
3.454000000000035167e-04
3.455000000000035191e-04
3.456000000000035216e-04
3.457000000000035240e-04
3.458000000000035264e-04
3.459000000000035289e-04
3.460000000000035313e-04
3.461000000000035337e-04
3.462000000000035362e-04
3.463000000000035386e-04
3.464000000000035410e-04
3.465000000000035434e-04
3.466000000000035459e-04
3.467000000000035483e-04
3.468000000000035507e-04
3.469000000000035532e-04
3.470000000000035556e-04
3.471000000000035580e-04
3.472000000000035605e-04
3.473000000000035629e-04
3.474000000000035653e-04
3.475000000000035678e-04
3.476000000000035702e-04
3.477000000000035726e-04
3.478000000000035750e-04
3.479000000000035775e-04
3.480000000000035799e-04
3.481000000000035823e-04
3.482000000000035848e-04
3.483000000000035872e-04
3.484000000000035896e-04
3.485000000000035921e-04
3.486000000000035945e-04
3.487000000000035969e-04
3.488000000000035994e-04
3.489000000000036018e-04
3.490000000000036042e-04
3.491000000000036066e-04
3.492000000000036091e-04
3.493000000000036115e-04
3.494000000000036139e-04
3.495000000000036164e-04
3.496000000000036188e-04
3.497000000000036212e-04
3.498000000000036237e-04
3.499000000000036261e-04
3.500000000000036285e-04
3.501000000000036310e-04
3.502000000000036334e-04
3.503000000000036358e-04
3.504000000000036382e-04
3.505000000000036407e-04
3.506000000000036431e-04
3.507000000000036455e-04
3.508000000000036480e-04
3.509000000000036504e-04
3.510000000000036528e-04
3.511000000000036553e-04
3.512000000000036577e-04
3.513000000000036601e-04
3.514000000000036626e-04
3.515000000000036650e-04
3.516000000000036674e-04
3.517000000000036698e-04
3.518000000000036723e-04
3.519000000000036747e-04
3.520000000000036771e-04
3.521000000000036796e-04
3.522000000000036820e-04
3.523000000000036844e-04
3.524000000000036869e-04
3.525000000000036893e-04
3.526000000000036917e-04
3.527000000000036941e-04
3.528000000000036966e-04
3.529000000000036990e-04
3.530000000000037014e-04
3.531000000000037039e-04
3.532000000000037063e-04
3.533000000000037087e-04
3.534000000000037112e-04
3.535000000000037136e-04
3.536000000000037160e-04
3.537000000000037185e-04
3.538000000000037209e-04
3.539000000000037233e-04
3.540000000000037257e-04
3.541000000000037282e-04
3.542000000000037306e-04
3.543000000000037330e-04
3.544000000000037355e-04
3.545000000000037379e-04
3.546000000000037403e-04
3.547000000000037428e-04
3.548000000000037452e-04
3.549000000000037476e-04
3.550000000000037501e-04
3.551000000000037525e-04
3.552000000000037549e-04
3.553000000000037573e-04
3.554000000000037598e-04
3.555000000000037622e-04
3.556000000000037646e-04
3.557000000000037671e-04
3.558000000000037695e-04
3.559000000000037719e-04
3.560000000000037744e-04
3.561000000000037768e-04
3.562000000000037792e-04
3.563000000000037817e-04
3.564000000000037841e-04
3.565000000000037865e-04
3.566000000000037889e-04
3.567000000000037914e-04
3.568000000000037938e-04
3.569000000000037962e-04
3.570000000000037987e-04
3.571000000000038011e-04
3.572000000000038035e-04
3.573000000000038060e-04
3.574000000000038084e-04
3.575000000000038108e-04
3.576000000000038133e-04
3.577000000000038157e-04
3.578000000000038181e-04
3.579000000000038205e-04
3.580000000000038230e-04
3.581000000000038254e-04
3.582000000000038278e-04
3.583000000000038303e-04
3.584000000000038327e-04
3.585000000000038351e-04
3.586000000000038376e-04
3.587000000000038400e-04
3.588000000000038424e-04
3.589000000000038449e-04
3.590000000000038473e-04
3.591000000000038497e-04
3.592000000000038521e-04
3.593000000000038546e-04
3.594000000000038570e-04
3.595000000000038594e-04
3.596000000000038619e-04
3.597000000000038643e-04
3.598000000000038667e-04
3.599000000000038692e-04
3.600000000000038716e-04
3.601000000000038740e-04
3.602000000000038765e-04
3.603000000000038789e-04
3.604000000000038813e-04
3.605000000000038837e-04
3.606000000000038862e-04
3.607000000000038886e-04
3.608000000000038910e-04
3.609000000000038935e-04
3.610000000000038959e-04
3.611000000000038983e-04
3.612000000000039008e-04
3.613000000000039032e-04
3.614000000000039056e-04
3.615000000000039081e-04
3.616000000000039105e-04
3.617000000000039129e-04
3.618000000000039153e-04
3.619000000000039178e-04
3.620000000000039202e-04
3.621000000000039226e-04
3.622000000000039251e-04
3.623000000000039275e-04
3.624000000000039299e-04
3.625000000000039324e-04
3.626000000000039348e-04
3.627000000000039372e-04
3.628000000000039396e-04
3.629000000000039421e-04
3.630000000000039445e-04
3.631000000000039469e-04
3.632000000000039494e-04
3.633000000000039518e-04
3.634000000000039542e-04
3.635000000000039567e-04
3.636000000000039591e-04
3.637000000000039615e-04
3.638000000000039640e-04
3.639000000000039664e-04
3.640000000000039688e-04
3.641000000000039712e-04
3.642000000000039737e-04
3.643000000000039761e-04
3.644000000000039785e-04
3.645000000000039810e-04
3.646000000000039834e-04
3.647000000000039858e-04
3.648000000000039883e-04
3.649000000000039907e-04
3.650000000000039931e-04
3.651000000000039956e-04
3.652000000000039980e-04
3.653000000000040004e-04
3.654000000000040028e-04
3.655000000000040053e-04
3.656000000000040077e-04
3.657000000000040101e-04
3.658000000000040126e-04
3.659000000000040150e-04
3.660000000000040174e-04
3.661000000000040199e-04
3.662000000000040223e-04
3.663000000000040247e-04
3.664000000000040272e-04
3.665000000000040296e-04
3.666000000000040320e-04
3.667000000000040344e-04
3.668000000000040369e-04
3.669000000000040393e-04
3.670000000000040417e-04
3.671000000000040442e-04
3.672000000000040466e-04
3.673000000000040490e-04
3.674000000000040515e-04
3.675000000000040539e-04
3.676000000000040563e-04
3.677000000000040588e-04
3.678000000000040612e-04
3.679000000000040636e-04
3.680000000000040660e-04
3.681000000000040685e-04
3.682000000000040709e-04
3.683000000000040733e-04
3.684000000000040758e-04
3.685000000000040782e-04
3.686000000000040806e-04
3.687000000000040831e-04
3.688000000000040855e-04
3.689000000000040879e-04
3.690000000000040904e-04
3.691000000000040928e-04
3.692000000000040952e-04
3.693000000000040976e-04
3.694000000000041001e-04
3.695000000000041025e-04
3.696000000000041049e-04
3.697000000000041074e-04
3.698000000000041098e-04
3.699000000000041122e-04
3.700000000000041147e-04
3.701000000000041171e-04
3.702000000000041195e-04
3.703000000000041220e-04
3.704000000000041244e-04
3.705000000000041268e-04
3.706000000000041292e-04
3.707000000000041317e-04
3.708000000000041341e-04
3.709000000000041365e-04
3.710000000000041390e-04
3.711000000000041414e-04
3.712000000000041438e-04
3.713000000000041463e-04
3.714000000000041487e-04
3.715000000000041511e-04
3.716000000000041536e-04
3.717000000000041560e-04
3.718000000000041584e-04
3.719000000000041608e-04
3.720000000000041633e-04
3.721000000000041657e-04
3.722000000000041681e-04
3.723000000000041706e-04
3.724000000000041730e-04
3.725000000000041754e-04
3.726000000000041779e-04
3.727000000000041803e-04
3.728000000000041827e-04
3.729000000000041852e-04
3.730000000000041876e-04
3.731000000000041900e-04
3.732000000000041924e-04
3.733000000000041949e-04
3.734000000000041973e-04
3.735000000000041997e-04
3.736000000000042022e-04
3.737000000000042046e-04
3.738000000000042070e-04
3.739000000000042095e-04
3.740000000000042119e-04
3.741000000000042143e-04
3.742000000000042167e-04
3.743000000000042192e-04
3.744000000000042216e-04
3.745000000000042240e-04
3.746000000000042265e-04
3.747000000000042289e-04
3.748000000000042313e-04
3.749000000000042338e-04
3.750000000000042362e-04
3.751000000000042386e-04
3.752000000000042411e-04
3.753000000000042435e-04
3.754000000000042459e-04
3.755000000000042483e-04
3.756000000000042508e-04
3.757000000000042532e-04
3.758000000000042556e-04
3.759000000000042581e-04
3.760000000000042605e-04
3.761000000000042629e-04
3.762000000000042654e-04
3.763000000000042678e-04
3.764000000000042702e-04
3.765000000000042727e-04
3.766000000000042751e-04
3.767000000000042775e-04
3.768000000000042799e-04
3.769000000000042824e-04
3.770000000000042848e-04
3.771000000000042872e-04
3.772000000000042897e-04
3.773000000000042921e-04
3.774000000000042945e-04
3.775000000000042970e-04
3.776000000000042994e-04
3.777000000000043018e-04
3.778000000000043043e-04
3.779000000000043067e-04
3.780000000000043091e-04
3.781000000000043115e-04
3.782000000000043140e-04
3.783000000000043164e-04
3.784000000000043188e-04
3.785000000000043213e-04
3.786000000000043237e-04
3.787000000000043261e-04
3.788000000000043286e-04
3.789000000000043310e-04
3.790000000000043334e-04
3.791000000000043359e-04
3.792000000000043383e-04
3.793000000000043407e-04
3.794000000000043431e-04
3.795000000000043456e-04
3.796000000000043480e-04
3.797000000000043504e-04
3.798000000000043529e-04
3.799000000000043553e-04
3.800000000000043577e-04
3.801000000000043602e-04
3.802000000000043626e-04
3.803000000000043650e-04
3.804000000000043675e-04
3.805000000000043699e-04
3.806000000000043723e-04
3.807000000000043747e-04
3.808000000000043772e-04
3.809000000000043796e-04
3.810000000000043820e-04
3.811000000000043845e-04
3.812000000000043869e-04
3.813000000000043893e-04
3.814000000000043918e-04
3.815000000000043942e-04
3.816000000000043966e-04
3.817000000000043991e-04
3.818000000000044015e-04
3.819000000000044039e-04
3.820000000000044063e-04
3.821000000000044088e-04
3.822000000000044112e-04
3.823000000000044136e-04
3.824000000000044161e-04
3.825000000000044185e-04
3.826000000000044209e-04
3.827000000000044234e-04
3.828000000000044258e-04
3.829000000000044282e-04
3.830000000000044307e-04
3.831000000000044331e-04
3.832000000000044355e-04
3.833000000000044379e-04
3.834000000000044404e-04
3.835000000000044428e-04
3.836000000000044452e-04
3.837000000000044477e-04
3.838000000000044501e-04
3.839000000000044525e-04
3.840000000000044550e-04
3.841000000000044574e-04
3.842000000000044598e-04
3.843000000000044622e-04
3.844000000000044647e-04
3.845000000000044671e-04
3.846000000000044695e-04
3.847000000000044720e-04
3.848000000000044744e-04
3.849000000000044768e-04
3.850000000000044793e-04
3.851000000000044817e-04
3.852000000000044841e-04
3.853000000000044866e-04
3.854000000000044890e-04
3.855000000000044914e-04
3.856000000000044938e-04
3.857000000000044963e-04
3.858000000000044987e-04
3.859000000000045011e-04
3.860000000000045036e-04
3.861000000000045060e-04
3.862000000000045084e-04
3.863000000000045109e-04
3.864000000000045133e-04
3.865000000000045157e-04
3.866000000000045182e-04
3.867000000000045206e-04
3.868000000000045230e-04
3.869000000000045254e-04
3.870000000000045279e-04
3.871000000000045303e-04
3.872000000000045327e-04
3.873000000000045352e-04
3.874000000000045376e-04
3.875000000000045400e-04
3.876000000000045425e-04
3.877000000000045449e-04
3.878000000000045473e-04
3.879000000000045498e-04
3.880000000000045522e-04
3.881000000000045546e-04
3.882000000000045570e-04
3.883000000000045595e-04
3.884000000000045619e-04
3.885000000000045643e-04
3.886000000000045668e-04
3.887000000000045692e-04
3.888000000000045716e-04
3.889000000000045741e-04
3.890000000000045765e-04
3.891000000000045789e-04
3.892000000000045814e-04
3.893000000000045838e-04
3.894000000000045862e-04
3.895000000000045886e-04
3.896000000000045911e-04
3.897000000000045935e-04
3.898000000000045959e-04
3.899000000000045984e-04
3.900000000000046008e-04
3.901000000000046032e-04
3.902000000000046057e-04
3.903000000000046081e-04
3.904000000000046105e-04
3.905000000000046130e-04
3.906000000000046154e-04
3.907000000000046178e-04
3.908000000000046202e-04
3.909000000000046227e-04
3.910000000000046251e-04
3.911000000000046275e-04
3.912000000000046300e-04
3.913000000000046324e-04
3.914000000000046348e-04
3.915000000000046373e-04
3.916000000000046397e-04
3.917000000000046421e-04
3.918000000000046446e-04
3.919000000000046470e-04
3.920000000000046494e-04
3.921000000000046518e-04
3.922000000000046543e-04
3.923000000000046567e-04
3.924000000000046591e-04
3.925000000000046616e-04
3.926000000000046640e-04
3.927000000000046664e-04
3.928000000000046689e-04
3.929000000000046713e-04
3.930000000000046737e-04
3.931000000000046762e-04
3.932000000000046786e-04
3.933000000000046810e-04
3.934000000000046834e-04
3.935000000000046859e-04
3.936000000000046883e-04
3.937000000000046907e-04
3.938000000000046932e-04
3.939000000000046956e-04
3.940000000000046980e-04
3.941000000000047005e-04
3.942000000000047029e-04
3.943000000000047053e-04
3.944000000000047077e-04
3.945000000000047102e-04
3.946000000000047126e-04
3.947000000000047150e-04
3.948000000000047175e-04
3.949000000000047199e-04
3.950000000000047223e-04
3.951000000000047248e-04
3.952000000000047272e-04
3.953000000000047296e-04
3.954000000000047321e-04
3.955000000000047345e-04
3.956000000000047369e-04
3.957000000000047393e-04
3.958000000000047418e-04
3.959000000000047442e-04
3.960000000000047466e-04
3.961000000000047491e-04
3.962000000000047515e-04
3.963000000000047539e-04
3.964000000000047564e-04
3.965000000000047588e-04
3.966000000000047612e-04
3.967000000000047637e-04
3.968000000000047661e-04
3.969000000000047685e-04
3.970000000000047709e-04
3.971000000000047734e-04
3.972000000000047758e-04
3.973000000000047782e-04
3.974000000000047807e-04
3.975000000000047831e-04
3.976000000000047855e-04
3.977000000000047880e-04
3.978000000000047904e-04
3.979000000000047928e-04
3.980000000000047953e-04
3.981000000000047977e-04
3.982000000000048001e-04
3.983000000000048025e-04
3.984000000000048050e-04
3.985000000000048074e-04
3.986000000000048098e-04
3.987000000000048123e-04
3.988000000000048147e-04
3.989000000000048171e-04
3.990000000000048196e-04
3.991000000000048220e-04
3.992000000000048244e-04
3.993000000000048269e-04
3.994000000000048293e-04
3.995000000000048317e-04
3.996000000000048341e-04
3.997000000000048366e-04
3.998000000000048390e-04
3.999000000000048414e-04
