1.498962290000000244e+12
1.498213183408295898e+12
1.497464825174825195e+12
1.496717214178731934e+12
1.495970349301397217e+12
1.495224229426433838e+12
1.494478853439680908e+12
1.493734220229197754e+12
1.492990328685259033e+12
1.492247177700348389e+12
1.491504766169154297e+12
1.490763092988562744e+12
1.490022157057654053e+12
1.489281957277694824e+12
1.488542492552135010e+12
1.487803761786600342e+12
1.487065763888888672e+12
1.486328497768963623e+12
1.485591962338949219e+12
1.484856156513125000e+12
1.484121079207920654e+12
1.483386729341909668e+12
1.482653105835805908e+12
1.481920207612456543e+12
1.481188033596837646e+12
1.480456582716049072e+12
1.479725853899308594e+12
1.478995846077947266e+12
1.478266558185404053e+12
1.477537989157219971e+12
1.476810137931034180e+12
1.476083003446577637e+12
1.475356584645668945e+12
1.474630880472208008e+12
1.473905889872172607e+12
1.473181611793611328e+12
1.472458045186639893e+12
1.471735189003435791e+12
1.471013042198232910e+12
1.470291603727316650e+12
1.469570872549019043e+12
1.468850847623713379e+12
1.468131527913809326e+12
1.467412912383748779e+12
1.466694999999999268e+12
1.465977789731050781e+12
1.465261280547408936e+12
1.464545471421591797e+12
1.463830361328124268e+12
1.463115949243532715e+12
1.462402234146340820e+12
1.461689215017064209e+12
1.460976890838205811e+12
1.460265260594251465e+12
1.459554323271664307e+12
1.458844077858879883e+12
1.458134523346302734e+12
1.457425658726299561e+12
1.456717482993196289e+12
1.456009995143272461e+12
1.455303194174756348e+12
1.454597079087820557e+12
1.453891648884577148e+12
1.453186902569073242e+12
1.452482839147285889e+12
1.451779457627117676e+12
1.451076757018392090e+12
1.450374736332848633e+12
1.449673394584138184e+12
1.448972730787819092e+12
1.448272743961351562e+12
1.447573433124093506e+12
1.446874797297296143e+12
1.446176835504099121e+12
1.445479546769526367e+12
1.444782930120480713e+12
1.444086984585740723e+12
1.443391709195954590e+12
1.442697102983636963e+12
1.442003164983163818e+12
1.441309894230768066e+12
1.440617289764535156e+12
1.439925350624398438e+12
1.439234075852135010e+12
1.438543464491361572e+12
1.437853515587528564e+12
1.437164228187918213e+12
1.436475601341637451e+12
1.435787634099615479e+12
1.435100325514598877e+12
1.434413674641146973e+12
1.433727680535627441e+12
1.433042342256212646e+12
1.432357658862874756e+12
1.431673629417381592e+12
1.430990252983291992e+12
1.430307528625952637e+12
1.429625455412492432e+12
1.428944032411819336e+12
1.428263258694614990e+12
1.427583133333331787e+12
1.426903655402187988e+12
1.426224823977163086e+12
1.425546638135994629e+12
1.424869096958173340e+12
1.424192199524938965e+12
1.423515944919276611e+12
1.422840332225911865e+12
1.422165360531307617e+12
1.421491028923658936e+12
1.420817336492889404e+12
1.420144282330647217e+12
1.419471865530301270e+12
1.418800085186936279e+12
1.418128940397349365e+12
1.417458430260045410e+12
1.416788553875234619e+12
1.416119310344825684e+12
1.415450698772425049e+12
1.414782718263329834e+12
1.414115367924526367e+12
1.413448646864684570e+12
1.412782554194154541e+12
1.412117089024962891e+12
1.411452250470807861e+12
1.410788037647056885e+12
1.410124449670741211e+12
1.409461485660552734e+12
1.408799144736840088e+12
1.408137426021604492e+12
1.407476328638495605e+12
1.406815851712808838e+12
1.406155994371480225e+12
1.405496755743082764e+12
1.404838134957823730e+12
1.404180131147539062e+12
1.403522743445690918e+12
1.402865970987363281e+12
1.402209812909258789e+12
1.401554268349694092e+12
1.400899336448595947e+12
1.400245016347499023e+12
1.399591307189540283e+12
1.398938208119456543e+12
1.398285718283579834e+12
1.397633836829834717e+12
1.396982562907733154e+12
1.396331895668372314e+12
1.395681834264429688e+12
1.395032377850160645e+12
1.394383525581393066e+12
1.393735276615525391e+12
1.393087630111521973e+12
1.392440585229909424e+12
1.391794141132773926e+12
1.391148296983756348e+12
1.390503051948049561e+12
1.389858405192394531e+12
1.389214355885076416e+12
1.388570903195921631e+12
1.387928046296293945e+12
1.387285784359090576e+12
1.386644116558739502e+12
1.386003042071195068e+12
1.385362560073934814e+12
1.384722669745956055e+12
1.384083370267772217e+12
1.383444660821409668e+12
1.382806540590403320e+12
1.382169008759794678e+12
1.381532064516126465e+12
1.380895707047441162e+12
1.380259935543275635e+12
1.379624749194659180e+12
1.378990147194109619e+12
1.378356128735629639e+12
1.377722693014703369e+12
1.377089839228293213e+12
1.376457566574836670e+12
1.375825874254242432e+12
1.375194761467887207e+12
1.374564227418612549e+12
1.373934271310721436e+12
1.373304892349974365e+12
1.372676089743587158e+12
1.372047862700226074e+12
1.371420210430006348e+12
1.370793132144487549e+12
1.370166627056669922e+12
1.369540694380993164e+12
1.368915333333330566e+12
1.368290543130987549e+12
1.367666322992697998e+12
1.367042672138620117e+12
1.366419589790334473e+12
1.365797075170840088e+12
1.365175127504550781e+12
1.364553746017293457e+12
1.363932929936302734e+12
1.363312678490219971e+12
1.362692990909087891e+12
1.362073866424349609e+12
1.361455304268843506e+12
1.360837303676801514e+12
1.360219863883844482e+12
1.359602984126981201e+12
1.358986663644602539e+12
1.358370901676480957e+12
1.357755697463765137e+12
1.357141050248978516e+12
1.356526959276015137e+12
1.355913423790137207e+12
1.355300443037971680e+12
1.354688016267507080e+12
1.354076142728090820e+12
1.353464821670425781e+12
1.352854052346567383e+12
1.352243834009920166e+12
1.351634165915235840e+12
1.351025047318608887e+12
1.350416477477474365e+12
1.349808455650604736e+12
1.349200981098106689e+12
1.348594053081418213e+12
1.347987670863306152e+12
1.347381833707862061e+12
1.346776540880500000e+12
1.346171791647953613e+12
1.345567585278273193e+12
1.344963921040822266e+12
1.344360798206274658e+12
1.343758216046612549e+12
1.343156173835122070e+12
1.342554670846391602e+12
1.341953706356308350e+12
1.341353279642054932e+12
1.340753389982107666e+12
1.340154036656232666e+12
1.339555218945483643e+12
1.338956936132198486e+12
1.338359187499996582e+12
1.337761972333776123e+12
1.337165289919711182e+12
1.336569139545248535e+12
1.335973520499105225e+12
1.335378432071266113e+12
1.334783873552979736e+12
1.334189844236756592e+12
1.333596343416366699e+12
1.333003370386835205e+12
1.332410924444440918e+12
1.331819004886713623e+12
1.331227611012429932e+12
1.330636742121612061e+12
1.330046397515524414e+12
1.329456576496670410e+12
1.328867278368790771e+12
1.328278502436859619e+12
1.327690248007082275e+12
1.327102514386893311e+12
1.326515300884952148e+12
1.325928606811141846e+12
1.325342431476565674e+12
1.324756774193544678e+12
1.324171634275614746e+12
1.323587011037523926e+12
1.323002903795230225e+12
1.322419311865898438e+12
1.321836234567897461e+12
1.321253671220798340e+12
1.320671621145370850e+12
1.320090083663580566e+12
1.319509058098587891e+12
1.318928543774743164e+12
1.318348540017586426e+12
1.317769046153842285e+12
1.317190061511419678e+12
1.316611585419407715e+12
1.316033617208073486e+12
1.315456156208859619e+12
1.314879201754382080e+12
1.314302753178426758e+12
1.313726809815947021e+12
1.313151371003062256e+12
1.312576436077053955e+12
1.312002004376363770e+12
1.311428075240591064e+12
1.310854648010490234e+12
1.310281722027968018e+12
1.309709296636081787e+12
1.309137371179035400e+12
1.308565945002178467e+12
1.307995017452002930e+12
1.307424587876140869e+12
1.306854655623361328e+12
1.306285220043569092e+12
1.305716280487800781e+12
1.305147836308224121e+12
1.304579886858133545e+12
1.304012431491948975e+12
1.303445469565213379e+12
1.302879000434589600e+12
1.302313023457858643e+12
1.301747537993916992e+12
1.301182543402773682e+12
1.300618039045549072e+12
1.300054024284471191e+12
1.299490498482874023e+12
1.298927461005195312e+12
1.298364911216972900e+12
1.297802848484844238e+12
1.297241272176542725e+12
1.296680181660895508e+12
1.296119576307821289e+12
1.295559455488327637e+12
1.294999818574509766e+12
1.294440664939546875e+12
1.293881993957699707e+12
1.293323805004309814e+12
1.292766097455795654e+12
1.292208870689650879e+12
1.291652124084442139e+12
1.291095857019806152e+12
1.290540068876448486e+12
1.289984759036140381e+12
1.289429926881716064e+12
1.288875571797072266e+12
1.288321693167163818e+12
1.287768290378002441e+12
1.287215362816655273e+12
1.286662909871240234e+12
1.286110930930926514e+12
1.285559425385930420e+12
1.285008392627513916e+12
1.284457832047981934e+12
1.283907743040680908e+12
1.283358124999995605e+12
1.282808977321347656e+12
1.282260299401193115e+12
1.281712090637020020e+12
1.281164350427345947e+12
1.280617078171717041e+12
1.280070273270704346e+12
1.279523935125902588e+12
1.278978063139927246e+12
1.278432656716413330e+12
1.277887715260012451e+12
1.277343238176390869e+12
1.276799224872227295e+12
1.276255674755210449e+12
1.275712587234038086e+12
1.275169961718413086e+12
1.274627797619042969e+12
1.274086094347636719e+12
1.273544851316902832e+12
1.273004067940547363e+12
1.272463743633272217e+12
1.271923877810771729e+12
1.271384469889732422e+12
1.270845519287829102e+12
1.270307025423724121e+12
1.269768987717064453e+12
1.269231405588479736e+12
1.268694278459580566e+12
1.268157605752956543e+12
1.267621386892172852e+12
1.267085621301770508e+12
1.266550308407261963e+12
1.266015447635130371e+12
1.265481038412827637e+12
1.264947080168771729e+12
1.264413572332344482e+12
1.263880514333890625e+12
1.263347905604715088e+12
1.262815745577080322e+12
1.262284033684205811e+12
1.261752769360264648e+12
1.261221952040382324e+12
1.260691581160634521e+12
1.260161656158044922e+12
1.259632176470583496e+12
1.259103141537164551e+12
1.258574550797644287e+12
1.258046403692819336e+12
1.257518699664424805e+12
1.256991438155131348e+12
1.256464618608544922e+12
1.255938240469203369e+12
1.255412303182574707e+12
1.254886806195055908e+12
1.254361748953969971e+12
1.253837130907565186e+12
1.253312951505011719e+12
1.252789210196401367e+12
1.252265906432743652e+12
1.251743039665965820e+12
1.251220609348909912e+12
1.250698614935330811e+12
1.250177055879895020e+12
1.249655931638177734e+12
1.249135241666661621e+12
1.248614985422735596e+12
1.248095162364691162e+12
1.247575771951721924e+12
1.247056813643921875e+12
1.246538286902281982e+12
1.246020191188689941e+12
1.245502525965927734e+12
1.244985290697669434e+12
1.244468484848479736e+12
1.243952107883812256e+12
1.243436159270007324e+12
1.242920638474290039e+12
1.242405544964769043e+12
1.241890878210434082e+12
1.241376637681154297e+12
1.240862822847677002e+12
1.240349433181625000e+12
1.239836468155495361e+12
1.239323927242657227e+12
1.238811809917350342e+12
1.238300115654683105e+12
1.237788843930630615e+12
1.237277994222033691e+12
1.236767566006595459e+12
1.236257558762881348e+12
1.235747971970316406e+12
1.235238805109183105e+12
1.234730057660620850e+12
1.234221729106623047e+12
1.233713818930035889e+12
1.233206326614556641e+12
1.232699251644731689e+12
1.232192593505954590e+12
1.231686351684464844e+12
1.231180525667345947e+12
1.230675114942523438e+12
1.230170118998763672e+12
1.229665537325671387e+12
1.229161369413688965e+12
1.228657614754093018e+12
1.228154272838995117e+12
1.227651343161337891e+12
1.227148825214894287e+12
1.226646718494266357e+12
1.226145022494882080e+12
1.225643736712995361e+12
1.225142860645683350e+12
1.224642393790844238e+12
1.224142335647197510e+12
1.223642685714280273e+12
1.223143443492446777e+12
1.222644608482865723e+12
1.222146180187520020e+12
1.221648158109204102e+12
1.221150541751521973e+12
1.220653330618887207e+12
1.220156524216518799e+12
1.219660122050442139e+12
1.219164123627485352e+12
1.218668528455279053e+12
1.218173336042253906e+12
1.217678545897638672e+12
1.217184157531460205e+12
1.216690170454540039e+12
1.216196584178493408e+12
1.215703398215728516e+12
1.215210612079443115e+12
1.214718225283625000e+12
1.214226237343048340e+12
1.213734647773273926e+12
1.213243456090645996e+12
1.212752661812292236e+12
1.212262264456120605e+12
1.211772263540819092e+12
1.211282658585853027e+12
1.210793449111464600e+12
1.210304634638670166e+12
1.209816214689260010e+12
1.209328188785795166e+12
1.208840556451607422e+12
1.208353317210796387e+12
1.207866470588229736e+12
1.207380016109539307e+12
1.206893953301121582e+12
1.206408281690135254e+12
1.205923000804499512e+12
1.205438110172893311e+12
1.204953609324753174e+12
1.204469497790271484e+12
1.203985775100395996e+12
1.203502440786826904e+12
1.203019494382016846e+12
1.202536935419167969e+12
1.202054763432231689e+12
1.201572977955906006e+12
1.201091578525635254e+12
1.200610564677607422e+12
1.200129935948753174e+12
1.199649691876744873e+12
1.199169831999994141e+12
1.198690355857651123e+12
1.198211262989602539e+12
1.197732552936470459e+12
1.197254225239610840e+12
1.196776279441112061e+12
1.196298715083793213e+12
1.195821531711202881e+12
1.195344728867617920e+12
1.194868306098041260e+12
1.194392262948201416e+12
1.193916598964550049e+12
1.193441313694261719e+12
1.192966406685230957e+12
1.192491877486072021e+12
1.192017725646117432e+12
1.191543950715415527e+12
1.191070552244729980e+12
1.190597529785538330e+12
1.190124882890029785e+12
1.189652611111105225e+12
1.189180714002374023e+12
1.188709191118154297e+12
1.188238042013470215e+12
1.187767266244051025e+12
1.187296863366330811e+12
1.186826832937444580e+12
1.186357174515229492e+12
1.185887887658221924e+12
1.185418971925656494e+12
1.184950426877464355e+12
1.184482252074272949e+12
1.184014447077403076e+12
1.183547011448868896e+12
1.183079944751375244e+12
1.182613246548317383e+12
1.182146916403779541e+12
1.181680953882532471e+12
1.181215358550033447e+12
1.180750129972424072e+12
1.180285267716529297e+12
1.179820771349856201e+12
1.179356640440592041e+12
1.178892874557603027e+12
1.178429473270434326e+12
1.177966436149306396e+12
1.177503762765115723e+12
1.177041452689432373e+12
1.176579505494499512e+12
1.176117920753230469e+12
1.175656698039209717e+12
1.175195836926689209e+12
1.174735336990589600e+12
1.174275197806496094e+12
1.173815418950659424e+12
1.173355999999993896e+12
1.172896940532075195e+12
1.172438240125140625e+12
1.171979898358086182e+12
1.171521914810466797e+12
1.171064289062493896e+12
1.170607020695034912e+12
1.170150109289611328e+12
1.169693554428397949e+12
1.169237355694221680e+12
1.168781512670559082e+12
1.168326024941537109e+12
1.167870892091929932e+12
1.167416113707158936e+12
1.166961689373290771e+12
1.166507618677036621e+12
1.166053901205750244e+12
1.165600536547427734e+12
1.165147524290705078e+12
1.164694864024857910e+12
1.164242555339799561e+12
1.163790597826080811e+12
1.163338991074886963e+12
1.162887734678038818e+12
1.162436828227989014e+12
1.161986271317823242e+12
1.161536063541256836e+12
1.161086204492635010e+12
1.160636693766931396e+12
1.160187530959746094e+12
1.159738715667305176e+12
1.159290247486459229e+12
1.158842126014682617e+12
1.158394350850071045e+12
1.157946921591341797e+12
1.157499837837831543e+12
1.157053099189495850e+12
1.156606705246907227e+12
1.156160655611254639e+12
1.155714949884342041e+12
1.155269587668587158e+12
1.154824568567019775e+12
1.154379892183281982e+12
1.153935558121625732e+12
1.153491565986911621e+12
1.153047915384608887e+12
1.152604605920793213e+12
1.152161637202145752e+12
1.151719008835952148e+12
1.151276720430101074e+12
1.150834771593083740e+12
1.150393161933991943e+12
1.149951891062517578e+12
1.149510958588950684e+12
1.149070364124178955e+12
1.148630107279687012e+12
1.148190187667553955e+12
1.147750604900452881e+12
1.147311358591650635e+12
1.146872448355005127e+12
1.146433873804964844e+12
1.145995634556568359e+12
1.145557730225442383e+12
1.145120160427801025e+12
1.144682924780444092e+12
1.144246022900756836e+12
1.143809454406708496e+12
1.143373218916850830e+12
1.142937316050317627e+12
1.142501745426822754e+12
1.142066506666660156e+12
1.141631599390701660e+12
1.141197023220396973e+12
1.140762777777771240e+12
1.140328862685425049e+12
1.139895277566533447e+12
1.139462022044843262e+12
1.139029095744674316e+12
1.138596498290916260e+12
1.138164229309029053e+12
1.137732288425040771e+12
1.137300675265547363e+12
1.136869389457710449e+12
1.136438430629258057e+12
1.136007798408481445e+12
1.135577492424235840e+12
1.135147512305937988e+12
1.134717857683566406e+12
1.134288528187658936e+12
1.133859523449312500e+12
1.133430843100182373e+12
1.133002486772480225e+12
1.132574454098973389e+12
1.132146744712984375e+12
1.131719358248388916e+12
1.131292294339615967e+12
1.130865552621645508e+12
1.130439132730008301e+12
1.130013034300784912e+12
1.129587256970603760e+12
1.129161800376641113e+12
1.128736664156619873e+12
1.128311847948807861e+12
1.127887351392017334e+12
1.127463174125604492e+12
1.127039315789467041e+12
1.126615776024044434e+12
1.126192554470316406e+12
1.125769650769801758e+12
1.125347064564557861e+12
1.124924795497178955e+12
1.124502843210795898e+12
1.124081207349074707e+12
1.123659887556215088e+12
1.123238883476950928e+12
1.122818194756547607e+12
1.122397821040802002e+12
1.121977761976041016e+12
1.121558017209121582e+12
1.121138586387427734e+12
1.120719469158871826e+12
1.120300665171891602e+12
1.119882174075450684e+12
1.119463995519037354e+12
1.119046129152662109e+12
1.118628574626858887e+12
1.118211331592682373e+12
1.117794399701708252e+12
1.117377778606031250e+12
1.116961467958264404e+12
1.116545467411538818e+12
1.116129776619501709e+12
1.115714395236316162e+12
1.115299322916659912e+12
1.114884559315723877e+12
1.114470104089212402e+12
1.114055956893341309e+12
1.113642117384837158e+12
1.113228585220936279e+12
1.112815360059384277e+12
1.112402441558434570e+12
1.111989829376847656e+12
1.111577523173889893e+12
1.111165522609333252e+12
1.110753827343453613e+12
1.110342437037030029e+12
1.109931351351344482e+12
1.109520569948179688e+12
1.109110092489819092e+12
1.108699918639046387e+12
1.108290048059142822e+12
1.107880480413888184e+12
1.107471215367558594e+12
1.107062252584926514e+12
1.106653591731259277e+12
1.106245232472317871e+12
1.105837174474356689e+12
1.105429417404122803e+12
1.105021960928854004e+12
1.104614804716279053e+12
1.104207948434615479e+12
1.103801391752570312e+12
1.103395134339337891e+12
1.102989175864599365e+12
1.102583515998521973e+12
1.102178154411757568e+12
1.101773090775443115e+12
1.101368324761197998e+12
1.100963856041124023e+12
1.100559684287804932e+12
1.100155809174304932e+12
1.099752230374167480e+12
1.099348947561415771e+12
1.098945960410550171e+12
1.098543268596548462e+12
1.098140871794864746e+12
1.097738769681428345e+12
1.097336961932642944e+12
1.096935448225386230e+12
1.096534228237008301e+12
1.096133301645331177e+12
1.095732668128647827e+12
1.095332327365721802e+12
1.094932279035785400e+12
1.094532522818539795e+12
1.094133058394153442e+12
1.093733885443261719e+12
1.093335003646965942e+12
1.092936412686832153e+12
1.092538112244890869e+12
1.092140102003635864e+12
1.091742381646023438e+12
1.091344950855471558e+12
1.090947809315858887e+12
1.090550956711524292e+12
1.090154392727265625e+12
1.089758117048338867e+12
1.089362129360458008e+12
1.088966429349793091e+12
1.088571016702970337e+12
1.088175891107070801e+12
1.087781052249630005e+12
1.087386499818636230e+12
1.086992233502530884e+12
1.086598252990206665e+12
1.086204557971007324e+12
1.085811148134726562e+12
1.085418023171607544e+12
1.085025182772341675e+12
1.084632626628067993e+12
1.084240354430372559e+12
1.083848365871287109e+12
1.083456660643288696e+12
1.083065238439299072e+12
1.082674098952683228e+12
1.082283241877249023e+12
1.081892666907246460e+12
1.081502373737366455e+12
1.081112362062740723e+12
1.080722631578940063e+12
1.080333181981974731e+12
1.079944012968292480e+12
1.079555124234778442e+12
1.079166515478754395e+12
1.078778186397977661e+12
1.078390136690640137e+12
1.078002366055368530e+12
1.077614874191222046e+12
1.077227660797692993e+12
1.076840725574705322e+12
1.076454068222613892e+12
1.076067688442203735e+12
1.075681585934689453e+12
1.075295760401714355e+12
1.074910211545349487e+12
1.074524939068093018e+12
1.074139942672869751e+12
1.073755222063029907e+12
1.073370776942348511e+12
1.072986607015024902e+12
1.072602711985681396e+12
1.072219091559363159e+12
1.071835745441537109e+12
1.071452673338091309e+12
1.071069874955333862e+12
1.070687349999992676e+12
1.070305098179214355e+12
1.069923119200563599e+12
1.069541412772022583e+12
1.069159978601989746e+12
1.068778816399279541e+12
1.068397925873121582e+12
1.068017306733159668e+12
1.067636958689451294e+12
1.067256881452466797e+12
1.066877074733088623e+12
1.066497538242610840e+12
1.066118271692737915e+12
1.065739274795584473e+12
1.065360547263674194e+12
1.064982088809939331e+12
1.064603899147719849e+12
1.064225977990762939e+12
1.063848325053221802e+12
1.063470940049655518e+12
1.063093822695027954e+12
1.062716972704707153e+12
1.062340389794464600e+12
1.061964073680474243e+12
1.061588024079312622e+12
1.061212240707957153e+12
1.060836723283785889e+12
1.060461471524576904e+12
1.060086485148507324e+12
1.059711763874152954e+12
1.059337307420487183e+12
1.058963115506880493e+12
1.058589187853099854e+12
1.058215524179307739e+12
1.057842124206061646e+12
1.057468987654313477e+12
1.057096114245408569e+12
1.056723503701085205e+12
1.056351155743473755e+12
1.055979070095096436e+12
1.055607246478865723e+12
1.055235684618084717e+12
1.054864384236445679e+12
1.054493345058029785e+12
1.054122566807306152e+12
1.053752049209131348e+12
1.053381791988748657e+12
1.053011794871787354e+12
1.052642057584262085e+12
1.052272579852572266e+12
1.051903361403501221e+12
1.051534401964215454e+12
1.051165701262264526e+12
1.050797259025579590e+12
1.050429074982473145e+12
1.050061148861638672e+12
1.049693480392149292e+12
1.049326069303457642e+12
1.048958915325394775e+12
1.048592018188170044e+12
1.048225377622369995e+12
1.047858993358957764e+12
1.047492865129272583e+12
1.047126992665029053e+12
1.046761375698316406e+12
1.046396013961598022e+12
1.046030907187710449e+12
1.045666055109863281e+12
1.045301457461638062e+12
1.044937113976987793e+12
1.044573024390236328e+12
1.044209188436077393e+12
1.043845605849574585e+12
1.043482276366160156e+12
1.043119199721634644e+12
1.042756375652166260e+12
1.042393803894290039e+12
1.042031484184907227e+12
1.041669416261284912e+12
1.041307599861055176e+12
1.040946034722214600e+12
1.040584720583123169e+12
1.040223657182504517e+12
1.039862844259444336e+12
1.039502281553390381e+12
1.039141968804151733e+12
1.038781905751898071e+12
1.038422092137158936e+12
1.038062527700823364e+12
1.037703212184139038e+12
1.037344145328712036e+12
1.036985326876505615e+12
1.036626756569840088e+12
1.036268434151392212e+12
1.035910359364194092e+12
1.035552531951633057e+12
1.035194951657450806e+12
1.034837618225743042e+12
1.034480531400958496e+12
1.034123690927898438e+12
1.033767096551716431e+12
1.033410748017917114e+12
1.033054645072356201e+12
1.032698787461239258e+12
1.032343174931121704e+12
1.031987807228907959e+12
1.031632684101850464e+12
1.031277805297549805e+12
1.030923170563953735e+12
1.030568779649356323e+12
1.030214632302397705e+12
1.029860728272063721e+12
1.029507067307684570e+12
1.029153649158934937e+12
1.028800473575833008e+12
1.028447540308740112e+12
1.028094849108359863e+12
1.027742399725737793e+12
1.027390191912260864e+12
1.027038225419656494e+12
1.026686499999992188e+12
1.026335015405675171e+12
1.025983771389451416e+12
1.025632767704405518e+12
1.025282004103959351e+12
1.024931480341872559e+12
1.024581196172240967e+12
1.024231151349496826e+12
1.023881345628407471e+12
1.023531778764075439e+12
1.023182450511937500e+12
1.022833360627764282e+12
1.022484508867659302e+12
1.022135894988058960e+12
1.021787518745731812e+12
1.021439379897777466e+12
1.021091478201627075e+12
1.020743813415041504e+12
1.020396385296111938e+12
1.020049193603258545e+12
1.019702238095230225e+12
1.019355518531104004e+12
1.019009034670284424e+12
1.018662786272503174e+12
1.018316773097818237e+12
1.017970994906613525e+12
1.017625451459598389e+12
1.017280142517806885e+12
1.016935067842597290e+12
1.016590227195651611e+12
1.016245620338975098e+12
1.015901247034895508e+12
1.015557107046062500e+12
1.015213200135447510e+12
1.014869526066342773e+12
1.014526084602360962e+12
1.014182875507434570e+12
1.013839898545815552e+12
1.013497153482074585e+12
1.013154640081100586e+12
1.012812358108100220e+12
1.012470307328597290e+12
1.012128487508432373e+12
1.011786898413761841e+12
1.011445539811058228e+12
1.011104411467108398e+12
1.010763513149014282e+12
1.010422844624191528e+12
1.010082405660369385e+12
1.009742196025589844e+12
1.009402215488207520e+12
1.009062463816888672e+12
1.008722940780611206e+12
1.008383646148663452e+12
1.008044579690644409e+12
1.007705741176462646e+12
1.007367130376336060e+12
1.007028747060791504e+12
1.006690591000663574e+12
1.006352661967095093e+12
1.006014959731535645e+12
1.005677484065741821e+12
1.005340234741776001e+12
1.005003211532006714e+12
1.004666414209107300e+12
1.004329842546055664e+12
1.003993496316134033e+12
1.003657375292928101e+12
1.003321479250326660e+12
1.002985807962521240e+12
1.002650361204005371e+12
1.002315138749574097e+12
1.001980140374323486e+12
1.001645365853650513e+12
1.001310814963251831e+12
1.000976487479123901e+12
1.000642383177562012e+12
1.000308501835160522e+12
9.999748432288111572e+11
9.996414071357038574e+11
9.993081933333253174e+11
9.989752015994588623e+11
9.986424317121838379e+11
9.983098834498753662e+11
9.979775565912036133e+11
9.976454509151334229e+11
9.973135662009234619e+11
9.969819022281263428e+11
9.966504587765876465e+11
9.963192356264459229e+11
9.959882325581314697e+11
9.956574493523665771e+11
9.953268857901645508e+11
9.949965416528295898e+11
9.946664167219560547e+11
9.943365107794281006e+11
9.940068236074189453e+11
9.936773549883909912e+11
9.933481047050946045e+11
9.930190725405682373e+11
9.926902582781375732e+11
9.923616617014152832e+11
9.920332825943002930e+11
9.917051207409776611e+11
9.913771759259178467e+11
9.910494479338762207e+11
9.907219365498927002e+11
9.903946415592915039e+11
9.900675627476801758e+11
9.897406999009493408e+11
9.894140528052724609e+11
9.890876212471051025e+11
9.887614050131844482e+11
9.884354038905292969e+11
9.881096176664388428e+11
9.877840461284926758e+11
9.874586890645505371e+11
9.871335462627512207e+11
9.868086175115125732e+11
9.864839025995311279e+11
9.861594013157813721e+11
9.858351134495150146e+11
9.855110387902613525e+11
9.851871771278261719e+11
9.848635282522915039e+11
9.845400919540148926e+11
9.842168680236293945e+11
9.838938562520430908e+11
9.835710564304379883e+11
9.832484683502706299e+11
9.829260918032705078e+11
9.826039265814405518e+11
9.822819724770560303e+11
9.819602292826645508e+11
9.816386967910854492e+11
9.813173747954091797e+11
9.809962630889970703e+11
9.806753614654808350e+11
9.803546697187622070e+11
9.800341876430124512e+11
9.797139150326715088e+11
9.793938516824484863e+11
9.790739973873203125e+11
9.787543519425317383e+11
9.784349151435949707e+11
9.781156867862886963e+11
9.777966666666584473e+11
9.774778545810156250e+11
9.771592503259370117e+11
9.768408536982648926e+11
9.765226644951058350e+11
9.762046825138309326e+11
9.758869075520750732e+11
9.755693394077366943e+11
9.752519778789768066e+11
9.749348227642193604e+11
9.746178738621503906e+11
9.743011309717175293e+11
9.739845938921295166e+11
9.736682624228563232e+11
9.733521363636281738e+11
9.730362155144350586e+11
9.727204996755270996e+11
9.724049886474130859e+11
9.720896822308607178e+11
9.717745802268961182e+11
9.714596824368031006e+11
9.711449886621232910e+11
9.708304987046549072e+11
9.705162123664533691e+11
9.702021294498299561e+11
9.698882497573518066e+11
9.695745730918416748e+11
9.692610992563770752e+11
9.689478280542904053e+11
9.686347592891678467e+11
9.683218927648496094e+11
9.680092282854291992e+11
9.676967656552531738e+11
9.673845046789204102e+11
9.670724451612819824e+11
9.667605869074409180e+11
9.664489297227512207e+11
9.661374734128179932e+11
9.658262177834968262e+11
9.655151626408934326e+11
9.652043077913632812e+11
9.648936530415108643e+11
9.645831981981899414e+11
9.642729430685024414e+11
9.639628874597987061e+11
9.636530311796766357e+11
9.633433740359814453e+11
9.630339158368050537e+11
9.627246563904862061e+11
9.624155955056096191e+11
9.621067329910058594e+11
9.617980686557503662e+11
9.614896023091641846e+11
9.611813337608125000e+11
9.608732628205045166e+11
9.605653892982934570e+11
9.602577130044759521e+11
9.599502337495914307e+11
9.596429513444218750e+11
9.593358655999916992e+11
9.590289763275667725e+11
9.587222833386549072e+11
9.584157864450043945e+11
9.581094854586046143e+11
9.578033801916849365e+11
9.574974704567147217e+11
9.571917560664028320e+11
9.568862368336973877e+11
9.565809125717849121e+11
9.562757830940905762e+11
9.559708482142773438e+11
9.556661077462459717e+11
9.553615615041343994e+11
9.550572093023172607e+11
9.547530509554056396e+11
9.544490862782469482e+11
9.541453150859241943e+11
9.538417371937554932e+11
9.535383524172944336e+11
9.532351605723286133e+11
9.529321614748803711e+11
9.526293549412054443e+11
9.523267407877933350e+11
9.520243188313666992e+11
9.517220888888804932e+11
9.514200507775225830e+11
9.511182043147124023e+11
9.508165493181013184e+11
9.505150856055717773e+11
9.502138129952371826e+11
9.499127313054415283e+11
9.496118403547587891e+11
9.493111399619927979e+11
9.490106299461771240e+11
9.487103101265738525e+11
9.484101803226743164e+11
9.481102403541977539e+11
9.478104900410917969e+11
9.475109292035313721e+11
9.472115576619189453e+11
9.469123752368835449e+11
9.466133817492811279e+11
9.463145770201936035e+11
9.460159608709288330e+11
9.457175331230200195e+11
9.454192935982255859e+11
9.451212421185288086e+11
9.448233785061372070e+11
9.445257025834824219e+11
9.442282141732198486e+11
9.439309130982282715e+11
9.436337991816093750e+11
9.433368722466876221e+11
9.430401321170095215e+11
9.427435786163437500e+11
9.424472115686806641e+11
9.421510307982316895e+11
9.418550361294291992e+11
9.415592273869262695e+11
9.412636043955959473e+11
9.409681669805313721e+11
9.406729149670451660e+11
9.403778481806690674e+11
9.400829664471536865e+11
9.397882695924680176e+11
9.394937574427994385e+11
9.391994298245529785e+11
9.389052865643510742e+11
9.386113274890334473e+11
9.383175524256566162e+11
9.380239612014934082e+11
9.377305536440328369e+11
9.374373295809796143e+11
9.371442888402541504e+11
9.368514312499914551e+11
9.365587566385419922e+11
9.362662648344699707e+11
9.359739556665540771e+11
9.356818289637867432e+11
9.353898845553736572e+11
9.350981222707338867e+11
9.348065419394987793e+11
9.345151433915126953e+11
9.342239264568316650e+11
9.339328909657236328e+11
9.336420367486679688e+11
9.333513636363551025e+11
9.330608714596865234e+11
9.327705600497736816e+11
9.324804292379385986e+11
9.321904788557128906e+11
9.319007087348376465e+11
9.316111187072630615e+11
9.313217086051483154e+11
9.310324782608610840e+11
9.307434275069769287e+11
9.304545561762795410e+11
9.301658641017600098e+11
9.298773511166168213e+11
9.295890170542550049e+11
9.293008617482866211e+11
9.290128850325294189e+11
9.287250867410075684e+11
9.284374667079505615e+11
9.281500247677933350e+11
9.278627607551756592e+11
9.275756745049418945e+11
9.272887658521411133e+11
9.270020346320261230e+11
9.267154806800532227e+11
9.264291038318826904e+11
9.261429039233773193e+11
9.258568807906029053e+11
9.255710342698277588e+11
9.252853641975223389e+11
9.249998704103586426e+11
9.247145527452104492e+11
9.244294110391527100e+11
9.241444451294611816e+11
9.238596548536124268e+11
9.235750400492828369e+11
9.232906005543492432e+11
9.230063362068879395e+11
9.227222468451745605e+11
9.224383323076837158e+11
9.221545924330889893e+11
9.218710270602620850e+11
9.215876360282729492e+11
9.213044191763896484e+11
9.210213763440773926e+11
9.207385073709987793e+11
9.204558120970131836e+11
9.201732903621767578e+11
9.198909420067419434e+11
9.196087668711571045e+11
9.193267647960662842e+11
9.190449356223089600e+11
9.187632791909200439e+11
9.184817953431286621e+11
9.182004839203588867e+11
9.179193447642290039e+11
9.176383777165509033e+11
9.173575826193304443e+11
9.170769593147666016e+11
9.167965076452513428e+11
9.165162274533695068e+11
9.162361185818984375e+11
9.159561808738074951e+11
9.156764141722576904e+11
9.153968183206020508e+11
9.151173931623845215e+11
9.148381385413402100e+11
9.145590543013946533e+11
9.142801402866641846e+11
9.140013963414548340e+11
9.137228223102626953e+11
9.134444180377731934e+11
9.131661833688613281e+11
9.128881181485906982e+11
9.126102222222136230e+11
9.123324954351708984e+11
9.120549376330914307e+11
9.117775486617918701e+11
9.115003283672762451e+11
9.112232765957360840e+11
9.109463931935495605e+11
9.106696780072817383e+11
9.103931308836840820e+11
9.101167516696938477e+11
9.098405402124344482e+11
9.095644963592145996e+11
9.092886199575285645e+11
9.090129108550550537e+11
9.087373688996579590e+11
9.084619939393852539e+11
9.081867858224693604e+11
9.079117443973262939e+11
9.076368695125556641e+11
9.073621610169405518e+11
9.070876187594466553e+11
9.068132425892230225e+11
9.065390323556007080e+11
9.062649879080928955e+11
9.059911090963951416e+11
9.057173957703840332e+11
9.054438477801181641e+11
9.051704649758367920e+11
9.048972472079599609e+11
9.046241943270885010e+11
9.043513061840034180e+11
9.040785826296656494e+11
9.038060235152159424e+11
9.035336286919744873e+11
9.032613980114405518e+11
9.029893313252924805e+11
9.027174284853873291e+11
9.024456893437601318e+11
9.021741137526245117e+11
9.019027015643715820e+11
9.016314526315703125e+11
9.013603668069666748e+11
9.010894439434838867e+11
9.008186838942220459e+11
9.005480865124575195e+11
9.002776516516429443e+11
9.000073791654071045e+11
8.997372689075543213e+11
8.994673207320644531e+11
8.991975344930926514e+11
8.989279100449688721e+11
8.986584472421975098e+11
8.983891459394578857e+11
8.981200059916030273e+11
8.978510272536600342e+11
8.975822095808295898e+11
8.973135528284857178e+11
8.970450568521756592e+11
8.967767215076191406e+11
8.965085466507089844e+11
8.962405321375100098e+11
8.959726778242590332e+11
8.957049835673651123e+11
8.954374492234082031e+11
8.951700746491402588e+11
8.949028597014837646e+11
8.946358042375323486e+11
8.943689081145498047e+11
8.941021711899704590e+11
8.938355933213985596e+11
8.935691743666082764e+11
8.933029141835430908e+11
8.930368126303159180e+11
8.927708695652086182e+11
8.925050848466718750e+11
8.922394583333245850e+11
8.919739898839543457e+11
8.917086793575166016e+11
8.914435266131342773e+11
8.911785315100982666e+11
8.909136939078664551e+11
8.906490136660637207e+11
8.903844906444819336e+11
8.901201247030791016e+11
8.898559157019799805e+11
8.895918635014749756e+11
8.893279679620203857e+11
8.890642289442380371e+11
8.888006463089150391e+11
8.885372199170036621e+11
8.882739496296208496e+11
8.880108353080480957e+11
8.877478768137312012e+11
8.874850740082801514e+11
8.872224267534686279e+11
8.869599349112338867e+11
8.866975983436765137e+11
8.864354169130604248e+11
8.861733904818121338e+11
8.859115189125207520e+11
8.856498020679381104e+11
8.853882398109776611e+11
8.851268320047152100e+11
8.848655785123879395e+11
8.846044791973946533e+11
8.843435339232950439e+11
8.840827425538101807e+11
8.838221049528214111e+11
8.835616209843708496e+11
8.833012905126606445e+11
8.830411134020531006e+11
8.827810895170701904e+11
8.825212187223933105e+11
8.822615008828635254e+11
8.820019358634804688e+11
8.817425235294029541e+11
8.814832637459482422e+11
8.812241563785920410e+11
8.809652012929680176e+11
8.807063983548677979e+11
8.804477474302408447e+11
8.801892483851938477e+11
8.799309010859906006e+11
8.796727053990522461e+11
8.794146611909562988e+11
8.791567683284370117e+11
8.788990266783846436e+11
8.786414361078458252e+11
8.783839964840228271e+11
8.781267076742735596e+11
8.778695695461112061e+11
8.776125819672043457e+11
8.773557448053760986e+11
8.770990579286043701e+11
8.768425212050218506e+11
8.765861345029151611e+11
8.763298976907248535e+11
8.760738106370455322e+11
8.758178732106251221e+11
8.755620852803649902e+11
8.753064467153197021e+11
8.750509573846964111e+11
8.747956171578552246e+11
8.745404259043085938e+11
8.742853834937211914e+11
8.740304897959095459e+11
8.737757446808422852e+11
8.735211480186391602e+11
8.732666996795717773e+11
8.730123995340622559e+11
8.727582474526840820e+11
8.725042433061611328e+11
8.722503869653679199e+11
8.719966783013292236e+11
8.717431171852194824e+11
8.714897034883632812e+11
8.712364370822347412e+11
8.709833178384571533e+11
8.707303456288032227e+11
8.704775203251944580e+11
8.702248417997009277e+11
8.699723099245413818e+11
8.697199245720828857e+11
8.694676856148403320e+11
8.692155929254768066e+11
8.689636463768027344e+11
8.687118458417761230e+11
8.684601911935021973e+11
8.682086823052330322e+11
8.679573190503675537e+11
8.677061013024514160e+11
8.674550289351763916e+11
8.672041018223804932e+11
8.669533198380478516e+11
8.667026828563079834e+11
8.664521907514362793e+11
8.662018433978530273e+11
8.659516406701240234e+11
8.657015824429597168e+11
8.654516685912152100e+11
8.652018989898901367e+11
8.649522735141285400e+11
8.647027920392181396e+11
8.644534544405909424e+11
8.642042605938222656e+11
8.639552103746308594e+11
8.637063036588790283e+11
8.634575403225717773e+11
8.632089202418569336e+11
8.629604432930251465e+11
8.627121093525091553e+11
8.624639182968841553e+11
8.622158700028671875e+11
8.619679643473171387e+11
8.617202012072346191e+11
8.614725804597612305e+11
8.612251019821801758e+11
8.609777656519152832e+11
8.607305713465314941e+11
8.604835189437340088e+11
8.602366083213684082e+11
8.599898393574208984e+11
8.597432119300169678e+11
8.594967259174223633e+11
8.592503811980421143e+11
8.590041776504208984e+11
8.587581151532423096e+11
8.585121935853291016e+11
8.582664128256424561e+11
8.580207727532824707e+11
8.577752732474875488e+11
8.575299141876341553e+11
8.572846954532368164e+11
8.570396169239476318e+11
8.567946784795567627e+11
8.565498799999910889e+11
8.563052213653153076e+11
8.560607024557307129e+11
8.558163231515754395e+11
8.555720833333244629e+11
8.553279828815888672e+11
8.550840216771160889e+11
8.548401996007895508e+11
8.545965165336285400e+11
8.543529723567879639e+11
8.541095669515581055e+11
8.538663001993645020e+11
8.536231719817678223e+11
8.533801821804636230e+11
8.531373306772819824e+11
8.528946173541873779e+11
8.526520420932789307e+11
8.524096047767895508e+11
8.521673052870860596e+11
8.519251435066691895e+11
8.516831193181729736e+11
8.514412326043648682e+11
8.511994832481455078e+11
8.509578711325485840e+11
8.507163961407402344e+11
8.504750581560194092e+11
8.502338570618175049e+11
8.499927927416978760e+11
8.497518650793562012e+11
8.495110739586196289e+11
8.492704192634471436e+11
8.490299008779293213e+11
8.487895186862878418e+11
8.485492725728753662e+11
8.483091624221755371e+11
8.480691881188029785e+11
8.478293495475024414e+11
8.475896465931491699e+11
8.473500791407485352e+11
8.471106470754361572e+11
8.468713502824769287e+11
8.466321886472658691e+11
8.463931620553270264e+11
8.461542703923139648e+11
8.459155135440091553e+11
8.456768913963239746e+11
8.454384038352984619e+11
8.452000507471013184e+11
8.449618320180294189e+11
8.447237475345078125e+11
8.444857971830897217e+11
8.442479808504556885e+11
8.440102984234145508e+11
8.437727497889018555e+11
8.435353348339809570e+11
8.432980534458420410e+11
8.430609055118021240e+11
8.428238909193050537e+11
8.425870095559213867e+11
8.423502613093476562e+11
8.421136460674068604e+11
8.418771637180478516e+11
8.416408141493453369e+11
8.414045972494998779e+11
8.411685129068372803e+11
8.409325610098087158e+11
8.406967414469904785e+11
8.404610541070838623e+11
8.402254988789147949e+11
8.399900756514340820e+11
8.397547843137165527e+11
8.395196247549616699e+11
8.392845968644927979e+11
8.390497005317570801e+11
8.388149356463256836e+11
8.385803020978931885e+11
8.383457997762774658e+11
8.381114285714196777e+11
8.378771883733840332e+11
8.376430790723576660e+11
8.374091005586502686e+11
8.371752527226942139e+11
8.369415354550440674e+11
8.367079486463767090e+11
8.364744921874910889e+11
8.362411659693076172e+11
8.360079698828688965e+11
8.357749038193387451e+11
8.355419676700021973e+11
8.353091613262657471e+11
8.350764846796567383e+11
8.348439376218233643e+11
8.346115200445344238e+11
8.343792318396793213e+11
8.341470728992675781e+11
8.339150431154291992e+11
8.336831423804136963e+11
8.334513705865909424e+11
8.332197276264501953e+11
8.329882133926000977e+11
8.327568277777687988e+11
8.325255706748035889e+11
8.322944419766706543e+11
8.320634415764550781e+11
8.318325693673605957e+11
8.316018252427094727e+11
8.313712090959422607e+11
8.311407208206175537e+11
8.309103603104123535e+11
8.306801274591209717e+11
8.304500221606558838e+11
8.302200443090467529e+11
8.299901937984406738e+11
8.297604705231020508e+11
8.295308743774122314e+11
8.293014052558692627e+11
8.290720630530883789e+11
8.288428476638007812e+11
8.286137589828544922e+11
8.283847969052135010e+11
8.281559613259578857e+11
8.279272521402838135e+11
8.276986692435029297e+11
8.274702125310426025e+11
8.272418818984458008e+11
8.270136772413703613e+11
8.267855984555894775e+11
8.265576454369913330e+11
8.263298180815787354e+11
8.261021162854691162e+11
8.258745399448946533e+11
8.256470889562014160e+11
8.254197632158500977e+11
8.251925626204149170e+11
8.249654870665843506e+11
8.247385364511601562e+11
8.245117106710581055e+11
8.242850096233068848e+11
8.240584332050487061e+11
8.238319813135386963e+11
8.236056538461448975e+11
8.233794507003480225e+11
8.231533717737416992e+11
8.229274169640316162e+11
8.227015861690360107e+11
8.224758792866850586e+11
8.222502962150212402e+11
8.220248368521983643e+11
8.217995010964822998e+11
8.215742888462502441e+11
8.213491999999909668e+11
8.211242344563043213e+11
8.208993921139012451e+11
8.206746728716033936e+11
8.204500766283435059e+11
8.202256032831647949e+11
8.200012527352208252e+11
8.197770248837755127e+11
8.195529196282031250e+11
8.193289368679876709e+11
8.191050765027232666e+11
8.188813384321134033e+11
8.186577225559713135e+11
8.184342287742197266e+11
8.182108569868906250e+11
8.179876070941247559e+11
8.177644789961721191e+11
8.175414725933916016e+11
8.173185877862504883e+11
8.170958244753248291e+11
8.168731825612989502e+11
8.166506619449650879e+11
8.164282625272241211e+11
8.162059842090843506e+11
8.159838268916622314e+11
8.157617904761815186e+11
8.155398748639736328e+11
8.153180799564772949e+11
8.150964056552384033e+11
8.148748518619100342e+11
8.146534184782518311e+11
8.144321054061306152e+11
8.142109125475195312e+11
8.139898398044981689e+11
8.137688870792526855e+11
8.135480542740750732e+11
8.133273412913637695e+11
8.131067480336226807e+11
8.128862744034616699e+11
8.126659203035963135e+11
8.124456856368474121e+11
8.122255703061411133e+11
8.120055742145089111e+11
8.117856972650871582e+11
8.115659393611171875e+11
8.113463004059449463e+11
8.111267803030212402e+11
8.109073789559012451e+11
8.106880962682441406e+11
8.104689321438135986e+11
8.102498864864774170e+11
8.100309592002071533e+11
8.098121501890780029e+11
8.095934593572689209e+11
8.093748866090622559e+11
8.091564318488438721e+11
8.089380949811026611e+11
8.087198759104306641e+11
8.085017745415228271e+11
8.082837907791767578e+11
8.080659245282928467e+11
8.078481756938740234e+11
8.076305441810255127e+11
8.074130298949545898e+11
8.071956327409710693e+11
8.069783526244863281e+11
8.067611894510135498e+11
8.065441431261679688e+11
8.063272135556660156e+11
8.061104006453258057e+11
8.058937043010662842e+11
8.056771244289079590e+11
8.054606609349721680e+11
8.052443137254812012e+11
8.050280827067579346e+11
8.048119677852258301e+11
8.045959688674091797e+11
8.043800858599320068e+11
8.041643186695189209e+11
8.039486672029945068e+11
8.037331313672832031e+11
8.035177110694093018e+11
8.033024062164968262e+11
8.030872167157691650e+11
8.028721424745490723e+11
8.026571834002586670e+11
8.024423394004191895e+11
8.022276103826508789e+11
8.020129962546726074e+11
8.017984969243022461e+11
8.015841122994561768e+11
8.013698422881491699e+11
8.011556867984945068e+11
8.009416457387032471e+11
8.007277190170849609e+11
8.005139065420469971e+11
8.003002082220946045e+11
8.000866239658303223e+11
7.998731536819547119e+11
7.996597972792655029e+11
7.994465546666575928e+11
7.992334257531234131e+11
7.990204104477521973e+11
7.988075086597298584e+11
7.985947202983393555e+11
7.983820452729603271e+11
7.981694834930687256e+11
7.979570348682369385e+11
7.977446993081335449e+11
7.975324767225235596e+11
7.973203670212675781e+11
7.971083701143222656e+11
7.968964859117399902e+11
7.966847143236688232e+11
7.964730552603522949e+11
7.962615086321290283e+11
7.960500743494333496e+11
7.958387523227943115e+11
7.956275424628359375e+11
7.954164446802774658e+11
7.952054588859326172e+11
7.949945849907095947e+11
7.947838229056113281e+11
7.945731725417349854e+11
7.943626338102718506e+11
7.941522066225075684e+11
7.939418908898214111e+11
7.937316865236870117e+11
7.935215934356712646e+11
7.933116115374346924e+11
7.931017407407316895e+11
7.928919809574096680e+11
7.926823320994093018e+11
7.924727940787644043e+11
7.922633668076019287e+11
7.920540501981416016e+11
7.918448441626956787e+11
7.916357486136693115e+11
7.914267634635601807e+11
7.912178886249580078e+11
7.910091240105450439e+11
7.908004695330957031e+11
7.905919251054761963e+11
7.903834906406447754e+11
7.901751660516514893e+11
7.899669512516378174e+11
7.897588461538371582e+11
7.895508506715737305e+11
7.893429647182636719e+11
7.891351882074139404e+11
7.889275210526225586e+11
7.887199631675783691e+11
7.885125144660614014e+11
7.883051748619420166e+11
7.880979442691812744e+11
7.878908226018306885e+11
7.876838097740319824e+11
7.874769057000172119e+11
7.872701102941086426e+11
7.870634234707181396e+11
7.868568451443479004e+11
7.866503752295894775e+11
7.864440136411242676e+11
7.862377602937229004e+11
7.860316151022458496e+11
7.858255779816423340e+11
7.856196488469511719e+11
7.854138276132998047e+11
7.852081141959050293e+11
7.850025085100721436e+11
7.847970104711951904e+11
7.845916199947567139e+11
7.843863369963280029e+11
7.841811613915682373e+11
7.839760930962252197e+11
7.837711320261347656e+11
7.835662780972204590e+11
7.833615312254938965e+11
7.831568913270546875e+11
7.829523583180897217e+11
7.827479321148734131e+11
7.825436126337680664e+11
7.823393997912226562e+11
7.821352935037739258e+11
7.819312936880451660e+11
7.817274002607471924e+11
7.815236131386771240e+11
7.813199322387191162e+11
7.811163574778439941e+11
7.809128887731088867e+11
7.807095260416575928e+11
7.805062692007199707e+11
7.803031181676119385e+11
7.801000728597359619e+11
7.798971331945799561e+11
7.796942990897178955e+11
7.794915704628094482e+11
7.792889472315999756e+11
7.790864293139202881e+11
7.788840166276864014e+11
7.786817090909000244e+11
7.784795066216477051e+11
7.782774091381009521e+11
7.780754165585167236e+11
7.778735288012364502e+11
7.776717457846861572e+11
7.774700674273768311e+11
7.772684936479038086e+11
7.770670243649468994e+11
7.768656594972700195e+11
7.766643989637215576e+11
7.764632426832336426e+11
7.762621905748226318e+11
7.760612425575886230e+11
7.758603985507155762e+11
7.756596584734708252e+11
7.754590222452056885e+11
7.752584897853542480e+11
7.750580610134345703e+11
7.748577358490474854e+11
7.746575142118771973e+11
7.744573960216907959e+11
7.742573811983380127e+11
7.740574696617518311e+11
7.738576613319475098e+11
7.736579561290231934e+11
7.734583539731591797e+11
7.732588547846181641e+11
7.730594584837454834e+11
7.728601649909680176e+11
7.726609742267950439e+11
7.724618861118177490e+11
7.722629005667091064e+11
7.720640175122237549e+11
7.718652368691979980e+11
7.716665585585494385e+11
7.714679825012775879e+11
7.712695086184627686e+11
7.710711368312666016e+11
7.708728670609320068e+11
7.706746992287827148e+11
7.704766332562232666e+11
7.702786690647391357e+11
7.700808065758963623e+11
7.698830457113416748e+11
7.696853863928022461e+11
7.694878285420853271e+11
7.692903720810789795e+11
7.690930169317508545e+11
7.688957630161489258e+11
7.686986102564012451e+11
7.685015585747153320e+11
7.683046078933789062e+11
7.681077581347590332e+11
7.679110092213023682e+11
7.677143610755351562e+11
7.675178136200626221e+11
7.673213667775695801e+11
7.671250204708199463e+11
7.669287746226566162e+11
7.667326291560012207e+11
7.665365839938543701e+11
7.663406390592956543e+11
7.661447942754829102e+11
7.659490495656527100e+11
7.657534048531198730e+11
7.655578600612779541e+11
7.653624151135982666e+11
7.651670699336304932e+11
7.649718244450024414e+11
7.647766785714195557e+11
7.645816322366652832e+11
7.643866853646008301e+11
7.641918378791650391e+11
7.639970897043742676e+11
7.638024407643221436e+11
7.636078909831799316e+11
7.634134402851959229e+11
7.632190885946955566e+11
7.630248358360815430e+11
7.628306819338331299e+11
7.626366268125068359e+11
7.624426703967355957e+11
7.622488126112291260e+11
7.620550533807738037e+11
7.618613926302322998e+11
7.616678302845438232e+11
7.614743662687235107e+11
7.612810005078629150e+11
7.610877329271297607e+11
7.608945634517675781e+11
7.607014920070957031e+11
7.605085185185093994e+11
7.603156429114796143e+11
7.601228651115527344e+11
7.599301850443508301e+11
7.597376026355712891e+11
7.595451178109865723e+11
7.593527304964448242e+11
7.591604406178688965e+11
7.589682481012567139e+11
7.587761528726813965e+11
7.585841548582905273e+11
7.583922539843066406e+11
7.582004501770268555e+11
7.580087433628227539e+11
7.578171334681406250e+11
7.576256204195006104e+11
7.574342041434978027e+11
7.572428845668007812e+11
7.570516616161525879e+11
7.568605352183701172e+11
7.566695053003442383e+11
7.564785717890396729e+11
7.562877346114945068e+11
7.560969936948206787e+11
7.559063489662037354e+11
7.557158003529024658e+11
7.555253477822490234e+11
7.553349911816488037e+11
7.551447304785803223e+11
7.549545656005953369e+11
7.547644964753182373e+11
7.545745230304465332e+11
7.543846451937503662e+11
7.541948628930726318e+11
7.540051760563289795e+11
7.538155846115072021e+11
7.536260884866676025e+11
7.534366876099431152e+11
7.532473819095386963e+11
7.530581713137312012e+11
7.528690557508698730e+11
7.526800351493758545e+11
7.524911094377419434e+11
7.523022785445329590e+11
7.521135423983852539e+11
7.519249009280069580e+11
7.517363540621774902e+11
7.515479017297478027e+11
7.513595438596400146e+11
7.511712803808479004e+11
7.509831112224357910e+11
7.507950363135396729e+11
7.506070555833659668e+11
7.504191689611923828e+11
7.502313763763673096e+11
7.500436777583096924e+11
7.498560730365091553e+11
7.496685621405260010e+11
