5.270400260358334421e-01
5.283089416727989596e-01
5.295733379142743003e-01
5.308332170187711752e-01
5.320885831721882120e-01
5.333394424016093538e-01
5.345858024832775834e-01
5.358276728454348659e-01
5.370650644667760432e-01
5.382979897712768524e-01
5.395264625201572350e-01
5.407504977017925096e-01
5.419701114203158143e-01
5.431853207837447073e-01
5.443961437923638957e-01
5.456025992281523518e-01
5.468047065459827882e-01
5.480024857673073679e-01
5.491959573770216485e-01
5.503851422241455849e-01
5.515700614269364310e-01
5.527507362830020865e-01
5.539271881849255896e-01
5.550994385418865917e-01
5.562675087076783820e-01
5.574314199154953853e-01
5.585911932197938912e-01
5.597468494454777010e-01
5.608984091445933240e-01
5.620458925606724998e-01
5.631893196007898839e-01
5.643287098153590975e-01
5.654640823856053045e-01
5.665954561186470340e-01
5.677228494499995115e-01
5.688462804533213069e-01
5.699657668571348479e-01
5.710813260682239267e-01
5.721929752013655834e-01
5.733007311150033480e-01
5.744046104524426211e-01
5.755046296881087819e-01
5.766008051783905186e-01
5.776931532165364702e-01
5.787816900911028073e-01
5.798664321473669947e-01
5.809473958511779390e-01
5.820245978546407795e-01
5.830980550630884274e-01
5.841677847027448855e-01
5.852338043885120245e-01
5.862961321913298107e-01
5.873547867045376680e-01
5.884097871087168308e-01
5.894611532344903315e-01
5.905089056227894595e-01
5.915530655821148454e-01
5.925936552423539672e-01
5.936306976047466266e-01
5.946642165876261377e-01
5.956942370675843978e-01
5.967207849157795119e-01
5.977438870290988637e-01
5.987635713559700257e-01
5.997798669166326535e-01
6.007928038177232644e-01
6.018024132610914068e-01
6.028087275467634010e-01
6.038117800700579796e-01
6.048116053128717029e-01
6.058082388291994302e-01
6.068017172249859925e-01
6.077920781324648303e-01
6.087793601791443576e-01
6.097636029516627643e-01
6.107448469547608338e-01
6.117231335656174718e-01
6.126985049838958863e-01
6.136710041777719837e-01
6.146406748263425479e-01
6.156075612587486034e-01
6.165717083904115325e-01
6.175331616567852899e-01
6.184919669450283930e-01
6.194481705240127978e-01
6.204018189731105304e-01
6.213529591101607519e-01
6.223016379190666747e-01
6.232479024774267851e-01
6.241917998846397975e-01
6.251333771908679227e-01
6.260726813272730062e-01
6.270097590379103414e-01
6.279446568136362039e-01
6.288774208283945955e-01
6.298080968782004962e-01
6.307367303231397049e-01
6.316633660326660404e-01
6.325880483344532568e-01
6.335108209670428092e-01
6.344317270364876471e-01
6.353508089771788825e-01
6.362681085169978878e-01
6.371836666469199439e-01
6.380975235951580338e-01
6.390097188059078448e-01
6.399202909227320601e-01
6.408292777765737247e-01
6.417367163783875839e-01
6.426426429163226706e-01
6.435470927573858635e-01
6.444501004534597399e-01
6.453516997515641451e-01
6.462519236081873952e-01
6.471508042075058142e-01
6.480483729833077522e-01
6.489446606443767251e-01
6.498396972031122987e-01
6.507335120071220391e-01
6.516261337735276271e-01
6.525175906256904801e-01
6.534079101320680039e-01
6.542971193469069302e-01
6.551852448524612127e-01
6.560723128024170681e-01
6.569583489662208509e-01
6.578433787739969008e-01
6.587274273617281795e-01
6.596105196164042672e-01
6.604926802208276326e-01
6.613739336977808581e-01
6.622543044532614998e-01
6.631338168185144655e-01
6.640124950905949008e-01
6.648903635711949089e-01
6.657674466035138350e-01
6.666437686069397461e-01
6.675193541093298322e-01
6.683942277767169760e-01
6.692684144402607505e-01
6.701419391202959597e-01
6.710148270473443866e-01
6.718871036799973773e-01
6.727587947195504681e-01
6.736299261213493095e-01
6.745005241027861587e-01
6.753706151479224040e-01
6.762402260087359007e-01
6.771093837030014440e-01
6.779781155088435707e-01
6.788464489560269710e-01
6.797144118140289182e-01
6.805820320770207266e-01
6.814493379458460565e-01
6.823163578071198554e-01
6.831831202096090294e-01
6.840496538380245184e-01
6.849159874844160667e-01
6.857821500173313378e-01
6.866481703489533128e-01
6.875140774003871691e-01
6.883799000653407774e-01
6.892456671723802275e-01
6.901114074460138470e-01
6.909771494668086600e-01
6.918429216307739882e-01
6.927087521082496702e-01
6.935746688025199447e-01
6.944406993083881430e-01
6.953068708709325696e-01
6.961732103446788278e-01
6.970397441533889848e-01
6.979064982506970605e-01
6.987734980817847941e-01
6.996407685462956438e-01
7.005083339626807515e-01
7.013762180341471808e-01
7.022444438163659708e-01
7.031130336871396214e-01
7.039820093180892968e-01
7.048513916485772413e-01
7.057212008619222487e-01
7.065914563640371959e-01
7.074621767645635773e-01
7.083333798605768727e-01
7.092050826229359117e-01
7.100773011852924421e-01
7.109500508358126414e-01
7.118233460116133449e-01
7.126972002959097718e-01
7.135716264178701973e-01
7.144466362551296079e-01
7.153222408389405818e-01
7.161984503618834541e-01
7.170752741880824788e-01
7.179527208658342818e-01
7.188307981425653415e-01
7.197095129820024750e-01
7.205888715834509739e-01
7.214688794030534869e-01
7.223495411768966479e-01
7.232308609458182325e-01
7.241128420817830591e-01
7.249954873156552182e-01
7.258787987662228547e-01
7.267627779703014212e-01
7.276474259137618583e-01
7.285327430632968504e-01
7.294187293987736131e-01
7.303053844459908017e-01
7.311927073096721186e-01
7.320806967065286441e-01
7.329693509982221356e-01
7.338586682240642034e-01
7.347486461332938257e-01
7.356392822167747703e-01
7.365305737379593820e-01
7.374225177629867289e-01
7.383151111897560126e-01
7.392083507758681060e-01
7.401022331652978847e-01
7.409967549136805554e-01
7.418919125121177238e-01
7.427877024093993974e-01
7.436841210325511042e-01
7.445811648056421816e-01
7.454788301667717443e-01
7.463771135831862580e-01
7.472760115644787593e-01
7.481755206738366359e-01
7.490756375373062159e-01
7.499763588510640622e-01
7.508776813866933075e-01
7.517796019944595898e-01
7.526821176046175621e-01
7.535852252267596363e-01
7.544889219472501463e-01
7.553932049247883418e-01
7.562980713841518376e-01
7.572035186081836899e-01
7.581095439280918225e-01
7.590161447121397398e-01
7.599233183528120161e-01
7.608310622525450428e-01
7.617393738081283949e-01
7.626482503938571966e-01
7.635576893435774837e-01
7.644676879317028328e-01
7.653782433533332652e-01
7.662893527036049868e-01
7.672010129563646696e-01
7.681132209423165991e-01
7.690259733267540421e-01
7.699392665869991825e-01
7.708530969896788543e-01
7.717674605679649691e-01
7.726823530988776723e-01
7.735977700808142066e-01
7.745137067113752050e-01
7.754301578656329630e-01
7.763471180749499378e-01
7.772645815064358477e-01
7.781825419431792623e-01
7.791009927653111955e-01
7.800199269320383655e-01
7.809393369646917549e-01
7.818592149309018247e-01
7.827795524299604457e-01
7.837003405794507049e-01
7.846215700031778928e-01
7.855432308205010372e-01
7.864653126370788616e-01
7.873878045370710232e-01
7.883106950768588028e-01
7.892339722802652613e-01
7.901576236353401450e-01
7.910816360926851143e-01
7.920059960653381692e-01
7.929306894302167175e-01
7.938557015311014098e-01
7.947810171831399817e-01
7.957066206788635521e-01
7.966324957956658626e-01
7.975586258047113741e-01
7.984849934812446870e-01
7.994115811162276763e-01
8.003383705292714811e-01
8.012653430827849643e-01
8.021924796972892402e-01
8.031197608678245503e-01
8.040471666813678864e-01
8.049746768351963011e-01
8.059022706561079774e-01
8.068299271204223411e-01
8.077576248746692889e-01
8.086853422568759386e-01
8.096130573183805135e-01
8.105407478460513460e-01
8.114683913848517172e-01
8.123959652606355109e-01
8.133234466030887511e-01
8.142508123687376420e-01
8.151780393639066480e-01
8.161051042675642186e-01
8.170319836539520209e-01
8.179586540149128560e-01
8.188850917818465414e-01
8.198112733471948355e-01
8.207371750853927894e-01
8.216627733732031480e-01
8.225880446093628562e-01
8.235129652334868267e-01
8.244375117441454792e-01
8.253616607160763063e-01
8.262853888164647387e-01
8.272086728202434625e-01
8.281314896243764379e-01
8.290538162610765482e-01
8.299756299099252388e-01
8.308969079088649456e-01
8.318176277640437766e-01
8.327377671584890173e-01
8.336573039595853718e-01
8.345762162253801408e-01
8.354944822096632695e-01
8.364120803658829928e-01
8.373289893498377934e-01
8.382451880212204998e-01
8.391606554439766663e-01
8.400753708855357438e-01
8.409893138149209246e-01
8.419024638997725241e-01
8.428148010023175374e-01
8.437263051743295605e-01
8.446369566511086058e-01
8.455467358445399872e-01
8.464556233352702463e-01
8.473635998640546285e-01
8.482706463223336213e-01
8.491767437420923992e-01
8.500818732850583537e-01
8.509860162313124254e-01
8.518891539673520974e-01
8.527912679736983081e-01
8.536923398120900286e-01
8.545923511123438843e-01
8.554912835589432163e-01
8.563891188774163110e-01
8.572858388205866209e-01
8.581814251547437156e-01
8.590758596458141216e-01
8.599691240455888952e-01
8.608612000780825335e-01
8.617520694260679681e-01
8.626417137178732375e-01
8.635301145144749224e-01
8.644172532969658374e-01
8.653031114544426083e-01
8.661876702723553256e-01
8.670709109214045363e-01
8.679528144469877970e-01
8.688333617592739477e-01
8.697125336239343030e-01
8.705903106535676228e-01
8.714666732998579413e-01
8.723416018464967836e-01
8.732150764028950851e-01
8.740870768987113459e-01
8.749575830792202247e-01
8.758265745015298975e-01
8.766940305316738291e-01
8.775599303425790643e-01
8.784242529129198118e-01
8.792869770268585405e-01
8.801480812746811377e-01
8.810075440543019276e-01
8.818653435736596435e-01
8.827214578539712697e-01
8.835758647338346483e-01
8.844285418741681948e-01
8.852794667639599657e-01
8.861286167268084268e-01
8.869759689282218362e-01
8.878215003836512631e-01
8.886651879672301524e-01
8.895070084211769146e-01
8.903469383658181302e-01
8.911849543102319249e-01
8.920210326634133713e-01
8.928551497459595865e-01
8.936872818022397746e-01
8.945174050129509613e-01
8.953454955080872857e-01
8.961715293802039461e-01
8.969954826979895657e-01
8.978173315200501658e-01
8.986370519088864306e-01
8.994546199450054180e-01
9.002700117411167602e-01
9.010832034563576176e-01
9.018941713105211866e-01
9.027028915982082680e-01
9.035093407028890189e-01
9.043134951107939523e-01
9.051153314246169757e-01
9.059148263769766229e-01
9.067119568435846322e-01
9.075066998560895604e-01
9.082990326145577997e-01
9.090889324995468090e-01
9.098763770837323683e-01
9.106613441430736477e-01
9.114438116674586920e-01
9.122237578708204397e-01
9.130011612006820876e-01
9.137760003471210313e-01
9.145482542511129687e-01
9.153179021122395120e-01
9.160849233957600868e-01
9.168492978389939374e-01
9.176110054570449925e-01
9.183700265478155211e-01
9.191263416963399990e-01
9.198799317783984408e-01
9.206307779634356203e-01
9.213788617167686379e-01
9.221241648010853886e-01
9.228666692772519164e-01
9.236063575044196616e-01
9.243432121394501433e-01
9.250772161356681789e-01
9.258083527409599611e-01
9.265366054952205443e-01
9.272619582271860450e-01
9.279843950506545536e-01
9.287039003601293974e-01
9.294204588258996313e-01
9.301340553885881768e-01
9.308446752531955859e-01
9.315523038826570845e-01
9.322569269909637413e-01
9.329585305358472080e-01
9.336571007110989751e-01
9.343526239385139265e-01
9.350450868595289178e-01
9.357344763265714738e-01
9.364207793941510261e-01
9.371039833097414284e-01
9.377840755044796195e-01
9.384610435837172915e-01
9.391348753174710851e-01
9.398055586307891840e-01
9.404730815940869348e-01
9.411374324134782476e-01
9.417985994211355294e-01
9.424565710657273332e-01
9.431113359029379417e-01
9.437628825861378301e-01
9.444111998572074507e-01
9.450562765375596364e-01
9.456981015193904883e-01
9.463366637571821727e-01
9.469719522594907124e-01
9.476039560810374240e-01
9.482326643151393064e-01
9.488580660864933680e-01
9.494801505443410949e-01
9.500989068560334871e-01
9.507143242010087647e-01
9.513263917652168278e-01
9.519350987359779248e-01
9.525404342973294858e-01
9.531423876258247052e-01
9.537409478868342783e-01
9.543361042313415199e-01
9.549278457932349751e-01
9.555161616871146180e-01
9.561010410066020926e-01
9.566824728231719810e-01
9.572604461854853364e-01
9.578349501192393589e-01
9.584059736275231112e-01
9.589735056916667277e-01
9.595375352726013274e-01
9.600980513126807780e-01
9.606550427380018409e-01
9.612084984611701799e-01
9.617584073845298898e-01
9.623047584038241231e-01
9.628475404122749381e-01
9.633867423050685996e-01
9.639223529842373406e-01
9.644543613638862922e-01
9.649827563757883420e-01
9.655075269752972922e-01
9.660286621475618896e-01
9.665461509140261809e-01
9.670599823391865524e-01
9.675701455375858018e-01
9.680766296810124905e-01
9.685794240058869242e-01
9.690785178208105588e-01
9.695739005142459677e-01
9.700655615623069439e-01
9.705534905366316467e-01
9.710376771123089279e-01
9.715181110758472904e-01
9.719947823331366310e-01
9.724676809173982139e-01
9.729367969970844632e-01
9.734021208837211336e-01
9.738636430396401256e-01
9.743213540856050514e-01
9.747752448083008003e-01
9.752253061676458001e-01
9.756715293039330827e-01
9.761139055447634050e-01
9.765524264117473319e-01
9.769870836269671788e-01
9.774178691191760526e-01
9.778447750297154517e-01
9.782677937181377681e-01
9.786869177675115994e-01
9.791021399894098698e-01
9.795134534285526717e-01
9.799208513670961684e-01
9.803243273285712212e-01
9.807238750814412098e-01
9.811194886422793804e-01
9.815111622785706036e-01
9.818988905111061261e-01
9.822826681159906315e-01
9.826624901262531742e-01
9.830383518330393366e-01
9.834102487864142539e-01
9.837781767957575196e-01
9.841421319297530834e-01
9.845021105159856845e-01
9.848581091401352738e-01
9.852101246447853011e-01
9.855581541278444213e-01
9.859021949405875063e-01
9.862422446853332803e-01
9.865783012127533613e-01
9.869103626188362455e-01
9.872384272415091200e-01
9.875624936569331602e-01
9.878825606754775279e-01
9.881986273373987162e-01
9.885106929082312366e-01
9.888187568738949773e-01
9.891228189355617539e-01
9.894228790042586263e-01
9.897189371952711534e-01
9.900109938223141670e-01
9.902990493915286851e-01
9.905831045952985248e-01
9.908631603059109283e-01
9.911392175690837414e-01
9.914112775973780156e-01
9.916793417634960361e-01
9.919434115935191754e-01
9.922034887600705844e-01
9.924595750754314771e-01
9.927116724846520857e-01
9.929597830586281981e-01
9.932039089872186644e-01
9.934440525723688964e-01
9.936802162213009826e-01
9.939124024397557600e-01
9.941406138253290337e-01
9.943648530608993896e-01
9.945851229081712486e-01
9.948014262013566977e-01
9.950137658409937691e-01
9.952221447879369132e-01
9.954265660575084551e-01
9.956270327138563303e-01
9.958235478644935634e-01
9.960161146550694511e-01
9.962047362643429160e-01
9.963894158994147654e-01
9.965701567911906533e-01
9.967469621900926224e-01
9.969198353620438713e-01
9.970887795847187540e-01
9.972537981440597887e-01
9.974148943310895410e-01
9.975720714389934018e-01
9.977253327605036803e-01
9.978746815855698005e-01
9.980201211993247057e-01
9.981616548803460276e-01
9.982992858992243423e-01
9.984330175174064292e-01
9.985628529863618263e-01
9.986887955470193923e-01
9.988108484295055156e-01
9.989290148531756452e-01
9.990432980269149388e-01
9.991537011497312326e-01
9.992602274116119121e-01
9.993628799946537855e-01
9.994616620744497526e-01
9.995565768217263836e-01
9.996476274042297439e-01
9.997348169888436997e-01
9.998181487439353754e-01
9.998976258419173258e-01
9.999732514620113255e-01
1.000045028793216106e+00
1.000112961037448622e+00
1.000177051412868723e+00
1.000237303157354596e+00
1.000293719532134862e+00
1.000346303825546679e+00
1.000395059356931293e+00
1.000439989480624403e+00
1.000481097590058210e+00
1.000518387121934749e+00
1.000551861560479594e+00
1.000581524441748194e+00
1.000607379357979720e+00
1.000629429961976680e+00
1.000647679971507387e+00
1.000662133173713331e+00
1.000672793429495666e+00
1.000679664677903480e+00
1.000682750940461441e+00
1.000682056325471025e+00
1.000677585032242023e+00
1.000669341355253872e+00
1.000657329688239061e+00
1.000641554528169941e+00
1.000622020479132512e+00
1.000598732256105183e+00
1.000571694688583424e+00
1.000540912724095621e+00
1.000506391431552622e+00
1.000468136004458497e+00
1.000426151763950555e+00
1.000380444161669491e+00
1.000331018782459891e+00
1.000277881346872233e+00
1.000221037713490135e+00
1.000160493881045554e+00
1.000096255990345462e+00
1.000028330325982484e+00
9.999567233178421333e-01
9.998814415423926683e-01
9.998024917237509079e-01
9.997198807345463178e-01
9.996336155965488413e-01
9.995437034810770172e-01
9.994501517091869403e-01
9.993529677516396204e-01
9.992521592286396359e-01
9.991477339093538523e-01
9.990396997112132027e-01
9.989280646989979751e-01
9.988128370837011660e-01
9.986940252211831126e-01
9.985716376106229530e-01
9.984456828927528171e-01
9.983161698479080526e-01
9.981831073938708387e-01
9.980465045835316129e-01
9.979063706023555413e-01
9.977627147656921158e-01
9.976155465158941249e-01
9.974648754192837474e-01
9.973107111629583299e-01
9.971530635514536112e-01
9.969919425032544025e-01
9.968273580471860296e-01
9.966593203186739913e-01
9.964878395558892654e-01
9.963129260957865885e-01
9.961345903700493665e-01
9.959528429009387729e-01
9.957676942970721257e-01
9.955791552491244367e-01
9.953872365254726740e-01
9.951919489677918396e-01
9.949933034866053072e-01
9.947913110568049611e-01
9.945859827131517950e-01
9.943773295457604133e-01
9.941653626955818668e-01
9.939500933498954804e-01
9.937315327378134500e-01
9.935096921258060876e-01
9.932845828132729205e-01
9.930562161281408784e-01
9.928246034225289840e-01
9.925897560684610044e-01
9.923516854536502674e-01
9.921104029773613053e-01
9.918659200463592063e-01
9.916182480709367919e-01
9.913673984610561485e-01
9.911133826225869692e-01
9.908562119536550306e-01
9.905958978411139038e-01
9.903324516571413438e-01
9.900658847559591358e-01
9.897962084706970476e-01
9.895234341103836817e-01
9.892475729570985310e-01
9.889686362632598149e-01
9.886866352490689680e-01
9.884015811001118923e-01
9.881134849651183050e-01
9.878223579538837340e-01
9.875282111353514969e-01
9.872310555358662087e-01
9.869309021375886060e-01
9.866277618770852298e-01
9.863216456440786484e-01
9.860125642803737600e-01
9.857005285789524063e-01
9.853855492832307439e-01
9.850676370864943632e-01
9.847468026314897260e-01
9.844230565101880215e-01
9.840964092637132232e-01
9.837668713824204714e-01
9.834344533061473159e-01
9.830991654246092892e-01
9.827610180779543514e-01
9.824200215574638850e-01
9.820761861063953546e-01
9.817295219209758450e-01
9.813800391515187238e-01
9.810277479036861870e-01
9.806726582398643810e-01
9.803147801806723072e-01
9.799541237065876320e-01
9.795906987596685322e-01
9.792245152454031043e-01
9.788555830346409303e-01
9.784839119656260076e-01
9.781095118461188287e-01
9.777323924555929580e-01
9.773525635475142082e-01
9.769700348516801025e-01
9.765848160766296138e-01
9.761969169121017531e-01
9.758063470315446741e-01
9.754131160946687418e-01
9.750172337500316866e-01
9.746187096376481840e-01
9.742175533916327401e-01
9.738137746428472408e-01
9.734073830215569378e-01
9.729983881600953177e-01
9.725867996955169792e-01
9.721726272722367446e-01
9.717558805446632197e-01
9.713365691797932744e-01
9.709147028597865381e-01
9.704902912844967089e-01
9.700633441739665574e-01
9.696338712708705287e-01
9.692018823429019436e-01
9.687673871851060214e-01
9.683303956221503972e-01
9.678909175105127050e-01
9.674489627406159808e-01
9.670045412388588169e-01
9.665576629695853406e-01
9.661083379369544977e-01
9.656565761867269559e-01
9.652023878079423191e-01
9.647457829345141844e-01
9.642867717467130673e-01
9.638253644725496283e-01
9.633615713890421040e-01
9.628954028233874807e-01
9.624268691540037723e-01
9.619559808114700461e-01
9.614827482793505409e-01
9.610071820948858923e-01
9.605292928495888782e-01
9.600490911896999435e-01
9.595665878165346996e-01
9.590817934867060801e-01
9.585947190122255934e-01
9.581053752604863361e-01
9.576137731541172204e-01
9.571199236707338409e-01
9.566238378425533373e-01
9.561255267558973481e-01
9.556250015505864948e-01
9.551222734192019725e-01
9.546173536062534382e-01
9.541102534072226637e-01
9.536009841675036069e-01
9.530895572812306815e-01
9.525759841900133251e-01
9.520602763815533276e-01
9.515424453881831113e-01
9.510225027852899915e-01
9.505004601896641647e-01
9.499763292577466656e-01
9.494501216838024948e-01
9.489218491980025982e-01
9.483915235644411190e-01
9.478591565790643880e-01
9.473247600675474001e-01
9.467883458830925747e-01
9.462499259041750044e-01
9.457095120322304149e-01
9.451671161892937212e-01
9.446227503155802951e-01
9.440764263670451406e-01
9.435281563128833371e-01
9.429779521330118319e-01
9.424258258155144841e-01
9.418717893540721198e-01
9.413158547453646108e-01
9.407580339864644037e-01
9.401983390722227218e-01
9.396367819926453313e-01
9.390733747302731915e-01
9.385081292575644385e-01
9.379410575342903567e-01
9.373721715049402325e-01
9.368014830961451933e-01
9.362290042141306889e-01
9.356547467421901798e-01
9.350787225381860246e-01
9.345009434321006614e-01
9.339214212236084389e-01
9.333401676797073998e-01
9.327571945323871461e-01
9.321725134763519938e-01
9.315861361667985285e-01
9.309980742172504486e-01
9.304083391974508066e-01
9.298169426313269703e-01
9.292238959950148702e-01
9.286292107149560771e-01
9.280328981660698195e-01
9.274349696699922818e-01
9.268354364934107137e-01
9.262343098464522750e-01
9.256316008811786844e-01
9.250273206901487022e-01
9.244214803050765372e-01
9.238140906955677467e-01
9.232051627679490613e-01
9.225947073641903584e-01
9.219827352609087923e-01
9.213692571684699573e-01
9.207542837301816441e-01
9.201378255215761914e-01
9.195198930497902046e-01
9.189004967530312040e-01
9.182796470001413081e-01
9.176573540902539516e-01
9.170336282525417548e-01
9.164084796460525428e-01
9.157819183596438428e-01
9.151539544119997593e-01
9.145245977517437730e-01
9.138938582576345837e-01
9.132617457388481075e-01
9.126282699353523986e-01
9.119934405183571791e-01
9.113572670908478557e-01
9.107197591882046916e-01
9.100809262788910337e-01
9.094407777652270264e-01
9.087993229842289411e-01
9.081565712085279962e-01
9.075125316473462433e-01
9.068672134475540547e-01
9.062206256947793470e-01
9.055727774145855280e-01
9.049236775736986260e-01
9.042733350813036974e-01
9.036217587903788706e-01
9.029689574990905632e-01
9.023149399522273351e-01
9.016597148426827024e-01
9.010032908129733675e-01
9.003456764567969728e-01
8.996868803206246046e-01
8.990269109053193874e-01
8.983657766677886070e-01
8.977034860226531521e-01
8.970400473439399391e-01
8.963754689667967623e-01
8.957097591892090316e-01
8.950429262737422675e-01
8.943749784492766031e-01
8.937059239127576049e-01
8.930357708309413223e-01
8.923645273421368929e-01
8.916922015579489269e-01
8.910188015650035709e-01
8.903443354266673548e-01
8.896688111847523839e-01
8.889922368611975489e-01
8.883146204597369699e-01
8.876359699675365755e-01
8.869562933568134744e-01
8.862755985864146924e-01
8.855938936033731501e-01
8.849111863444307780e-01
8.842274847375126701e-01
8.835427967031743712e-01
8.828571301560025342e-01
8.821704930059736105e-01
8.814828931597618045e-01
8.807943385220050603e-01
8.801048369965219775e-01
8.794143964874697739e-01
8.787230249004541749e-01
8.780307301435867906e-01
8.773375201284836500e-01
8.766434027712031174e-01
8.759483859931294081e-01
8.752524777217932650e-01
8.745556858916362364e-01
8.738580184447061194e-01
8.731594833312956716e-01
8.724600885105144865e-01
8.717598419507978091e-01
8.710587516303557321e-01
8.703568255375448981e-01
8.696540716711929075e-01
8.689504980408393475e-01
8.682461126669321905e-01
8.675409235809374842e-01
8.668349388254037446e-01
8.661281664539454139e-01
8.654206145311782450e-01
8.647122911325797467e-01
8.640032043442903431e-01
8.632933622628581327e-01
8.625827729949111511e-01
8.618714446567808940e-01
8.611593853740618920e-01
8.604466032811114440e-01
8.597331065204967260e-01
8.590189032423852789e-01
8.583040016038795406e-01
8.575884097682997531e-01
8.568721359044190189e-01
8.561551881856436230e-01
8.554375747891495019e-01
8.547193038949721933e-01
8.540003836850516006e-01
8.532808223422349014e-01
8.525606280492390443e-01
8.518398089875746093e-01
8.511183733364345860e-01
8.503963292715478461e-01
8.496736849639989764e-01
8.489504485790202448e-01
8.482266282747552566e-01
8.475022322009960751e-01
8.467772684978966957e-01
8.460517452946663131e-01
8.453256707082422716e-01
8.445990528419473620e-01
8.438718997841304637e-01
8.431442196067999717e-01
8.424160203642409028e-01
8.416873100916273387e-01
8.409580968036310944e-01
8.402283884930258351e-01
8.394981931292847532e-01
8.387675186571939001e-01
8.380363729954514174e-01
8.373047640352853094e-01
8.365726996390744352e-01
8.358401876389797147e-01
8.351072358355854375e-01
8.343738519965602229e-01
8.336400438553289716e-01
8.329058191097655772e-01
8.321711854209039583e-01
8.314361504116731805e-01
8.307007216656535631e-01
8.299649067258634272e-01
8.292287130935673822e-01
8.284921482271153659e-01
8.277552195408166558e-01
8.270179344038394165e-01
8.262803001391481050e-01
8.255423240224742942e-01
8.248040132813272418e-01
8.240653750940361011e-01
8.233264165888352082e-01
8.225871448429935562e-01
8.218475668819728019e-01
8.211076896786447810e-01
8.203675201525365557e-01
8.196270651691278664e-01
8.188863315391944342e-01
8.181453260181887899e-01
8.174040553056799441e-01
8.166625260448256984e-01
8.159207448219030212e-01
8.151787181658819437e-01
8.144364525480503048e-01
8.136939543816774645e-01
8.129512300217431875e-01
8.122082857646953924e-01
8.114651278482786223e-01
8.107217624513881615e-01
8.099781956939930971e-01
8.092344336370926872e-01
8.084904822827300164e-01
8.077463475740495058e-01
8.070020353954061587e-01
8.062575515725126651e-01
8.055129018726434609e-01
8.047680920048803088e-01
8.040231276204033994e-01
8.032780143128243067e-01
8.025327576185679046e-01
8.017873630172959176e-01
8.010418359323679960e-01
8.002961817313537507e-01
7.995504057265706566e-01
7.988045131756793538e-01
7.980585092822992666e-01
7.973123991966758473e-01
7.965661880163728004e-01
7.958198807870051628e-01
7.950734825030046915e-01
7.943269981084146725e-01
7.935804324977229207e-01
7.928337905167130994e-01
7.920870769633506780e-01
7.913402965887004203e-01
7.905934540978588609e-01
7.898465541509128718e-01
7.890996013639306472e-01
7.883526003099597945e-01
7.876055555200482949e-01
7.868584714842928873e-01
7.861113526528898943e-01
7.853642034372100289e-01
7.846170282108806404e-01
7.838698313108815041e-01
7.831226170386534902e-01
7.823753896612098968e-01
7.816281534122584418e-01
7.808809124933263623e-01
7.801336710748932868e-01
7.793864332975158904e-01
7.786392032729652080e-01
7.778919850853583950e-01
7.771447827922830509e-01
7.763976004259269814e-01
7.756504419941885331e-01
7.749033114817984735e-01
7.741562128514154484e-01
7.734091500447256573e-01
7.726621269835202144e-01
7.719151475707675125e-01
7.711682156916690456e-01
7.704213352146985772e-01
7.696745099926287637e-01
7.689277438635359063e-01
7.681810406517870504e-01
7.674344041690097651e-01
7.666878382150359439e-01
7.659413465788302844e-01
7.651949330393827964e-01
7.644486013665967583e-01
7.637023553221311545e-01
7.629561986602293455e-01
7.622101351285170967e-01
7.614641684687725176e-01
7.607183024176709107e-01
7.599725407074905403e-01
7.592268870668019698e-01
7.584813452211174312e-01
7.577359188935101075e-01
7.569906118052036614e-01
7.562454276761305660e-01
7.555003702254543541e-01
7.547554431720614465e-01
7.540106502350141238e-01
7.532659951339842896e-01
7.525214815896293929e-01
7.517771133239600223e-01
7.510328940606549875e-01
7.502888275253495332e-01
7.495449174458852504e-01
7.488011675525314548e-01
7.480575815781678184e-01
7.473141632584302529e-01
7.465709163318290376e-01
7.458278445398287548e-01
7.450849516268926997e-01
7.443422413405003102e-01
7.435997174311255176e-01
7.428573836521814577e-01
7.421152437599390916e-01
7.413733015134084114e-01
7.406315606741892266e-01
7.398900250062909745e-01
7.391486982759236657e-01
7.384075842512554111e-01
7.376666867021464125e-01
7.369260093998469818e-01
7.361855561166701367e-01
7.354453306256460987e-01
7.347053367001307178e-01
7.339655781134115653e-01
7.332260586382667311e-01
7.324867820465189583e-01
7.317477521085513636e-01
7.310089725928118343e-01
7.302704472652873369e-01
7.295321798889665699e-01
7.287941742232751929e-01
7.280564340234946252e-01
7.273189630401665218e-01
7.265817650184780430e-01
7.258448436976318030e-01
7.251082028101999422e-01
7.243718460814683180e-01
7.236357772287632661e-01
7.228999999607693683e-01
7.221645179768402256e-01
7.214293349662942445e-01
7.206944546077024283e-01
7.199598805681749480e-01
7.192256165026338355e-01
7.184916660530873411e-01
7.177580328478966321e-01
7.170247205010359393e-01
7.162917326113595884e-01
7.155590727618624802e-01
7.148267445189400160e-01
7.140947514316523526e-01
7.133630970309888797e-01
7.126317848291358059e-01
7.119008183187497396e-01
7.111702009722310480e-01
7.104399362410170893e-01
7.097100275548626769e-01
7.089804783211431927e-01
7.082512919241648053e-01
7.075224717244784634e-01
7.067940210582109861e-01
7.060659432364030375e-01
7.053382415443619768e-01
7.046109192410300315e-01
7.038839795583612391e-01
7.031574257007179307e-01
7.024312608442818684e-01
7.017054881364757080e-01
7.009801106954132166e-01
7.002551316093553746e-01
6.995305539361929004e-01
6.988063807029424312e-01
6.980826149052652418e-01
6.973592595070050582e-01
6.966363174397448566e-01
6.959137916023869774e-01
6.951916848607576638e-01
6.944700000472204815e-01
6.937487399603324834e-01
6.930279073645022603e-01
6.923075049896849631e-01
6.915875355310986405e-01
6.908680016489556763e-01
6.901489059682295313e-01
6.894302510784382498e-01
6.887120395334507261e-01
6.879942738513291633e-01
6.872769565141771952e-01
6.865600899680334157e-01
6.858436766227702375e-01
6.851277188520319417e-01
6.844122189931893807e-01
6.836971793473226588e-01
6.829826021792276824e-01
6.822684897174464691e-01
6.815548441543219926e-01
6.808416676460770089e-01
6.801289623129215256e-01
6.794167302391730390e-01
6.787049734734146300e-01
6.779936940286631630e-01
6.772828938825707912e-01
6.765725749776428932e-01
6.758627392214797691e-01
6.751533884870429825e-01
6.744445246129378013e-01
6.737361494037257259e-01
6.730282646302476746e-01
6.723208720299759245e-01
6.716139733073771545e-01
6.709075701343077958e-01
6.702016641504140448e-01
6.694962569635595218e-01
6.687913501502676938e-01
6.680869452561802868e-01
6.673830437965373452e-01
6.666796472566657306e-01
6.659767570924901570e-01
6.652743747310544409e-01
6.645725015710599592e-01
6.638711389834148768e-01
6.631702883117985836e-01
6.624699508732367903e-01
6.617701279586903906e-01
6.610708208336513181e-01
6.603720307387525024e-01
6.596737588903834881e-01
6.589760064813211526e-01
6.582787746813605345e-01
6.575820646379569867e-01
6.568858774768761011e-01
6.561902143028466305e-01
6.554950762002226261e-01
6.548004642336436865e-01
6.541063794487064209e-01
6.534128228726311383e-01
6.527197955149401931e-01
6.520272983681264511e-01
6.513353324083335227e-01
6.506438985960304455e-01
6.499529978766837024e-01
6.492626311814360118e-01
6.485727994277742381e-01
6.478835035202001880e-01
6.471947443508970776e-01
6.465065228003905595e-01
6.458188397382086388e-01
6.451316960235300435e-01
6.444450925058345936e-01
6.437590300255396913e-01
6.430735094146364794e-01
6.423885314973113436e-01
6.417040970905675268e-01
6.410202070048264256e-01
6.403368620445319959e-01
6.396540630087379498e-01
6.389718106916840723e-01
6.382901058833639896e-01
6.376089493700833888e-01
6.369283419349988096e-01
6.362482843586534376e-01
6.355687774194943573e-01
6.348898218943762606e-01
6.342114185590540520e-01
6.335335681886581360e-01
6.328562715581632636e-01
6.321795294428274037e-01
6.315033426186337229e-01
6.308277118627017011e-01
6.301526379536925848e-01
6.294781216721940797e-01
6.288041638010867240e-01
6.281307651259036007e-01
6.274579264351587415e-01
6.267856485206737549e-01
6.261139321778734779e-01
6.254427782060759666e-01
6.247721874087567295e-01
6.241021605938007477e-01
6.234326985737337345e-01
6.227638021659385181e-01
6.220954721928485531e-01
6.214277094821312186e-01
6.207605148668470241e-01
6.200938891855950486e-01
6.194278332826350653e-01
6.187623480080013394e-01
6.180974342175870051e-01
6.174330927732226693e-01
6.167693245427270377e-01
6.161061303999501026e-01
6.154435112247877981e-01
6.147814679031913254e-01
6.141200013271496116e-01
6.134591123946628866e-01
6.127988020096941657e-01
6.121390710821049685e-01
6.114799205275806004e-01
6.108213512675301216e-01
6.101633642289806536e-01
6.095059603444483720e-01
6.088491405517981736e-01
6.081929057940893557e-01
6.075372570194040867e-01
6.068821951806646631e-01
6.062277212354351130e-01
6.055738361457083663e-01
6.049205408776850978e-01
6.042678364015341419e-01
6.036157236911443569e-01
6.029642037238631680e-01
6.023132774802238965e-01
6.016629459436617644e-01
6.010132101002210181e-01
6.003640709382475071e-01
5.997155294480782661e-01
5.990675866217129997e-01
5.984202434524857894e-01
5.977735009347221462e-01
5.971273600633904000e-01
5.964818218337430977e-01
5.958368872409564032e-01
5.951925572797591713e-01
5.945488329440545838e-01
5.939057152265405648e-01
5.932632051183224231e-01
5.926213036085190566e-01
5.919800116838700443e-01
5.913393303283333013e-01
5.906992605226829562e-01
5.900598032441067842e-01
5.894209594657917606e-01
5.887827301565202731e-01
5.881451162802580068e-01
5.875081187957391649e-01
5.868717386560575733e-01
5.862359768082533451e-01
5.856008341929020977e-01
5.849663117437011728e-01
5.843324103870658481e-01
5.836991310417182222e-01
5.830664746182852021e-01
5.824344420188939386e-01
5.818030341367754765e-01
5.811722518558680717e-01
5.805420960504280581e-01
5.799125675846416028e-01
5.792836673122445657e-01
5.786553960761463555e-01
5.780277547080590050e-01
5.774007440281307968e-01
5.767743648445912141e-01
5.761486179534002217e-01
5.755235041378988781e-01
5.748990241684799329e-01
5.742751788022516513e-01
5.736519687827242864e-01
5.730293948394917791e-01
5.724074576879308873e-01
5.717861580289077539e-01
5.711654965484882496e-01
5.705454739176680778e-01
5.699260907921023245e-01
5.693073478118502173e-01
5.686892456011312103e-01
5.680717847680886168e-01
5.674549659045653449e-01
5.668387895858886250e-01
5.662232563706707245e-01
5.656083668006145482e-01
5.649941214003333378e-01
5.643805206771859151e-01
5.637675651211159211e-01
5.631552552045070437e-01
5.625435913820520106e-01
5.619325740906284672e-01
5.613222037491930605e-01
5.607124807586804094e-01
5.601034055019196156e-01
5.594949783435609891e-01
5.588871996300173173e-01
5.582800696894121284e-01
5.576735888315457190e-01
5.570677573478696187e-01
5.564625755114778194e-01
5.558580435771015571e-01
5.552541617811266317e-01
5.546509303416172765e-01
5.540483494583494650e-01
5.534464193128644238e-01
5.528451400685236994e-01
5.522445118705852085e-01
5.516445348462857279e-01
5.510452091049340417e-01
5.504465347380219642e-01
5.498485118193379151e-01
5.492511404050971491e-01
5.486544205340831981e-01
5.480583522277971964e-01
5.474629354906184187e-01
5.468681703099778080e-01
5.462740566565382760e-01
5.456805944843858835e-01
5.450877837312341212e-01
5.444956243186321876e-01
5.439041161521884771e-01
5.433132591217952889e-01
5.427230531018737425e-01
5.421334979516156949e-01
5.415445935152427559e-01
5.409563396222651921e-01
5.403687360877583723e-01
5.397817827126392132e-01
5.391954792839510624e-01
5.386098255751602393e-01
5.380248213464536855e-01
5.374404663450437214e-01
5.368567603054846815e-01
5.362737029499874408e-01
5.356912939887452652e-01
5.351095331202603278e-01
5.345284200316819945e-01
5.339479543991385579e-01
5.333681358880884016e-01
5.327889641536575072e-01
5.322104388409982789e-01
5.316325595856378206e-01
5.310553260138360931e-01
5.304787377429449613e-01
5.299027943817709030e-01
5.293274955309381635e-01
5.287528407832551292e-01
5.281788297240791463e-01
5.276054619316872252e-01
5.270327369776428572e-01
5.264606544271673849e-01
5.258892138395072635e-01
5.253184147683052085e-01
5.247482567619674576e-01
5.241787393640343629e-01
5.236098621135447662e-01
5.230416245454030388e-01
5.224740261907427907e-01
5.219070665772903572e-01
5.213407452297224021e-01
5.207750616700251856e-01
5.202100154178458391e-01
5.196456059908483027e-01
5.190818329050599367e-01
5.185186956752130261e-01
5.179561938150887279e-01
5.173943268378525806e-01
5.168330942563846842e-01
5.162724955836112128e-01
5.157125303328221610e-01
5.151531980179911985e-01
5.145944981540896412e-01
5.140364302573877664e-01
5.134789938457599012e-01
5.129221884389782993e-01
5.123660135589999109e-01
5.118104687302508227e-01
5.112555534798998158e-01
5.107012673381291501e-01
5.101476098383949109e-01
5.095945805176830268e-01
5.090421789167556277e-01
5.084904045803921857e-01
5.079392570576217736e-01
5.073887359019491061e-01
5.068388406715690353e-01
5.062895709295776037e-01
5.057409262441753262e-01
5.051929061888553729e-01
5.046455103425923072e-01
5.040987382900165015e-01
5.035525896215846675e-01
5.030070639337342886e-01
5.024621608290410490e-01
5.019178799163570570e-01
5.013742208109455145e-01
5.008311831346047294e-01
5.002887665157869090e-01
4.997469705897037984e-01
4.992057949984252674e-01
4.986652393909686287e-01
4.981253034233828481e-01
4.975859867588147134e-01
4.970472890675813882e-01
4.965092100272154862e-01
4.959717493225164753e-01
4.954349066455854822e-01
4.948986816958559354e-01
4.943630741801131601e-01
4.938280838125024275e-01
4.932937103145351720e-01
4.927599534150817195e-01
4.922268128503568541e-01
4.916942883638988904e-01
4.911623797065366448e-01
4.906310866363531309e-01
4.901004089186370427e-01
4.895703463258276877e-01
4.890408986374539801e-01
4.885120656400632200e-01
4.879838471271419342e-01
4.874562428990337204e-01
4.869292527628436007e-01
4.864028765323396564e-01
4.858771140278446699e-01
4.853519650761247139e-01
4.848274295102669162e-01
4.843035071695515614e-01
4.837801978993220287e-01
4.832575015508403515e-01
4.827354179811445545e-01
4.822139470528956640e-01
4.816930886342217222e-01
4.811728425985507540e-01
4.806532088244468981e-01
4.801341871954331042e-01
4.796157775998154404e-01
4.790979799304956321e-01
4.785807940847886521e-01
4.780642199642227141e-01
4.775482574743501463e-01
4.770329065245407785e-01
4.765181670277794934e-01
4.760040389004574490e-01
4.754905220621626905e-01
4.749776164354606034e-01
4.744653219456801962e-01
4.739536385206914448e-01
4.734425660906816380e-01
4.729321045879316676e-01
4.724222539465860460e-01
4.719130141024240888e-01
4.714043849926272678e-01
4.708963665555485623e-01
4.703889587304760922e-01
4.698821614573972516e-01
4.693759746767633412e-01
4.688703983292527022e-01
4.683654323555324628e-01
4.678610766960199507e-01
4.673573312906453281e-01
4.668541960786151690e-01
4.663516709981721520e-01
4.658497559863609694e-01
4.653484509787870205e-01
4.648477559093895928e-01
4.643476707101980017e-01
4.638481953111045497e-01
4.633493296396325456e-01
4.628510736207044340e-01
4.623534271764140891e-01
4.618563902258028819e-01
4.613599626846338064e-01
4.608641444651723207e-01
4.603689354759643027e-01
4.598743356216236644e-01
4.593803448026169134e-01
4.588869629150539864e-01
4.583941898504803047e-01
4.579020254956745473e-01
4.574104697324491986e-01
4.569195224374509312e-01
4.564291834819728111e-01
4.559394527317611190e-01
4.554503300468340510e-01
4.549618152813001415e-01
4.544739082831825150e-01
4.539866088942480227e-01
4.534999169498370453e-01
4.530138322787066740e-01
4.525283547028697284e-01
4.520434840374408236e-01
4.515592200904930409e-01
4.510755626629122661e-01
4.505925115482597443e-01
4.501100665326420724e-01
4.496282273945829133e-01
4.491469939049017035e-01
4.486663658265987453e-01
4.481863429147445177e-01
4.477069249163724840e-01
4.472281115703859444e-01
4.467499026074582269e-01
4.462722977499489208e-01
4.457952967118219978e-01
4.453188991985674305e-01
4.448431049071340793e-01
4.443679135258645774e-01
4.438933247344363786e-01
4.434193382038092990e-01
4.429459535961808858e-01
4.424731705649444513e-01
4.420009887546564320e-01
4.415294078010040812e-01
4.410584273307890379e-01
4.405880469619049555e-01
4.401182663033305076e-01
4.396490849551232816e-01
4.391805025084207781e-01
4.387125185454498477e-01
4.382451326395350177e-01
4.377783443551218068e-01
4.373121532477975970e-01
4.368465588643260511e-01
4.363815607426773657e-01
4.359171584120741794e-01
4.354533513930363697e-01
4.349901391974340670e-01
4.345275213285461624e-01
4.340654972811223700e-01
4.336040665414520601e-01
4.331432285874380339e-01
4.326829828886765705e-01
4.322233289065391948e-01
4.317642660942636601e-01
4.313057938970455418e-01
4.308479117521392121e-01
4.303906190889590366e-01
4.299339153291880655e-01
4.294777998868896107e-01
4.290222721686263729e-01
4.285673315735787359e-01
4.281129774936705545e-01
4.276592093136981076e-01
4.272060264114672656e-01
4.267534281579237199e-01
4.263014139172989214e-01
4.258499830472528003e-01
4.253991348990222021e-01
4.249488688175707130e-01
4.244991841417457556e-01
4.240500802044329109e-01
4.236015563327199529e-01
4.231536118480573316e-01
4.227062460664269827e-01
4.222594582985098044e-01
4.218132478498555216e-01
4.213676140210597665e-01
4.209225561079371070e-01
4.204780734017005139e-01
4.200341651891401629e-01
4.195908307528062875e-01
4.191480693711904792e-01
4.187058803189134260e-01
4.182642628669092644e-01
4.178232162826124862e-01
4.173827398301483416e-01
4.169428327705224646e-01
4.165034943618090013e-01
4.160647238593449537e-01
4.156265205159193066e-01
4.151888835819669277e-01
4.147518123057605810e-01
4.143153059336048272e-01
4.138793637100247058e-01
4.134439848779644100e-01
4.130091686789745808e-01
4.125749143534076513e-01
4.121412211406083603e-01
4.117080882791039342e-01
4.112755150067956555e-01
4.108435005611481561e-01
4.104120441793781549e-01
4.099811450986395878e-01
4.095508025562138998e-01
4.091210157896898458e-01
4.086917840371511734e-01
4.082631065373563684e-01
4.078349825299176223e-01
4.074074112554828542e-01
4.069803919559069061e-01
4.065539238744317885e-01
4.061280062558542125e-01
4.057026383466958430e-01
4.052778193953748831e-01
4.048535486523671678e-01
4.044298253703715873e-01
4.040066488044675164e-01
4.035840182122755748e-01
4.031619328541092839e-01
4.027403919931280551e-01
4.023193948954868482e-01
4.018989408304789457e-01
4.014790290706827247e-01
4.010596588920969929e-01
4.006408295742798220e-01
4.002225404004786102e-01
3.998047906577627542e-01
3.993875796371473830e-01
3.989709066337146504e-01
3.985547709467357480e-01
3.981391718797822055e-01
3.977241087408396880e-01
3.973095808424144115e-01
3.968955875016364487e-01
3.964821280403616477e-01
3.960692017852646130e-01
3.956568080679328525e-01
3.952449462249544854e-01
3.948336155980011197e-01
3.944228155339087882e-01
3.940125453847533876e-01
3.936028045079227877e-01
3.931935922661846661e-01
3.927849080277484584e-01
3.923767511663269203e-01
3.919691210611897514e-01
3.915620170972152758e-01
3.911554386649371828e-01
3.907493851605871038e-01
3.903438559861321377e-01
3.899388505493113777e-01
3.895343682636626115e-01
3.891304085485513542e-01
3.887269708291921644e-01
3.883240545366628549e-01
3.879216591079216458e-01
3.875197839858158799e-01
3.871184286190838542e-01
3.867175924623612593e-01
3.863172749761730751e-01
3.859174756269295181e-01
3.855181938869141622e-01
3.851194292342693948e-01
3.847211811529756553e-01
3.843234491328309521e-01
3.839262326694234395e-01
3.835295312640986110e-01
3.831333444239294894e-01
3.827376716616744390e-01
3.823425124957369747e-01
3.819478664501207987e-01
3.815537330543808392e-01
3.811601118435692936e-01
3.807670023581820051e-01
3.803744041440974000e-01
3.799823167525140377e-01
3.795907397398865513e-01
3.791996726678523721e-01
3.788091151031642845e-01
3.784190666176099893e-01
3.780295267879385523e-01
3.776404951957752498e-01
3.772519714275396896e-01
3.768639550743561606e-01
3.764764457319660917e-01
3.760894430006345157e-01
3.757029464850553113e-01
3.753169557942535040e-01
3.749314705414840132e-01
3.745464903441315663e-01
3.741620148236042276e-01
3.737780436052273170e-01
3.733945763181345523e-01
3.730116125951565831e-01
3.726291520727081363e-01
3.722471943906734970e-01
3.718657391922909894e-01
3.714847861240315186e-01
3.711043348354831628e-01
3.707243849792263846e-01
3.703449362107135712e-01
3.699659881881424139e-01
3.695875405723341722e-01
3.692095930266033332e-01
3.688321452166332115e-01
3.684551968103462749e-01
3.680787474777730828e-01
3.677027968909257205e-01
3.673273447236624079e-01
3.669523906515608780e-01
3.665779343517804323e-01
3.662039755029367627e-01
3.658305137849606758e-01
3.654575488789726379e-01
3.650850804671431082e-01
3.647131082325624218e-01
3.643416318591082836e-01
3.639706510313079346e-01
3.636001654342101430e-01
3.632301747532469816e-01
3.628606786741047641e-01
3.624916768825907076e-01
3.621231690645002610e-01
3.617551549054861537e-01
3.613876340909272789e-01
3.610206063058008508e-01
3.606540712345500110e-01
3.602880285609565969e-01
3.599224779680156305e-01
3.595574191378069218e-01
3.591928517513700014e-01
3.588287754885810532e-01
3.584651900280285131e-01
3.581020950468926101e-01
3.577394902208261285e-01
3.573773752238328383e-01
3.570157497281528647e-01
3.566546134041457816e-01
3.562939659201770914e-01
3.559338069425058149e-01
3.555741361351733021e-01
3.552149531598962073e-01
3.548562576759572984e-01
3.544980493401019839e-01
3.541403278064360061e-01
3.537830927263222458e-01
3.534263437482838555e-01
3.530700805179072255e-01
3.527143026777489476e-01
3.523590098672386706e-01
3.520042017225943343e-01
3.516498778767326860e-01
3.512960379591836269e-01
3.509426815960070001e-01
3.505898084097145428e-01
3.502374180191878961e-01
3.498855100396069395e-01
3.495340840823757955e-01
3.491831397550502203e-01
3.488326766612739327e-01
3.484826944007100580e-01
3.481331925689799545e-01
3.477841707576039831e-01
3.474356285539440536e-01
3.470875655411486682e-01
3.467399812981027396e-01
3.463928753993767429e-01
3.460462474151831946e-01
3.457000969113304123e-01
3.453544234491857101e-01
3.450092265856344320e-01
3.446645058730463118e-01
3.443202608592446090e-01
3.439764910874739123e-01
3.436331960963788790e-01
3.432903754199741475e-01
3.429480285876302936e-01
3.426061551240500713e-01
3.422647545492578658e-01
3.419238263785855381e-01
3.415833701226622110e-01
3.412433852874099394e-01
3.409038713740381588e-01
3.405648278790433525e-01
3.402262542942098289e-01
3.398881501066163269e-01
3.395505147986413452e-01
3.392133478479743003e-01
3.388766487276273498e-01
3.385404169059501034e-01
3.382046518466509388e-01
3.378693530088137109e-01
3.375345198469235086e-01
3.372001518108906915e-01
3.368662483460812540e-01
3.365328088933468575e-01
3.361998328890565269e-01
3.358673197651367293e-01
3.355352689491054030e-01
3.352036798641151449e-01
3.348725519289951769e-01
3.345418845582971978e-01
3.342116771623437899e-01
3.338819291472774342e-01
3.335526399151120258e-01
3.332238088637888840e-01
3.328954353872319305e-01
3.325675188754082523e-01
3.322400587143848893e-01
3.319130542863942823e-01
3.315865049698995537e-01
3.312604101396585676e-01
3.309347691667936520e-01
3.306095814188609872e-01
3.302848462599234924e-01
3.299605630506228238e-01
3.296367311482566453e-01
3.293133499068541248e-01
3.289904186772548700e-01
3.286679368071891427e-01
3.283459036413574617e-01
3.280243185215171997e-01
3.277031807865622426e-01
3.273824897726137495e-01
3.270622448130993121e-01
3.267424452388493772e-01
3.264230903781812354e-01
3.261041795569897817e-01
3.257857120988398303e-01
3.254676873250572089e-01
3.251501045548232383e-01
3.248329631052664368e-01
3.245162622915600537e-01
3.242000014270154384e-01
3.238841798231780200e-01
3.235687967899268935e-01
3.232538516355694114e-01
3.229393436669401596e-01
3.226252721894988240e-01
3.223116365074309431e-01
3.219984359237444416e-01
3.216856697403708831e-01
3.213733372582644465e-01
3.210614377775030115e-01
3.207499705973863580e-01
3.204389350165381400e-01
3.201283303330051955e-01
3.198181558443567440e-01
3.195084108477869722e-01
3.191990946402129548e-01
3.188902065183756296e-01
3.185817457789378859e-01
3.182737117185842068e-01
3.179661036341219216e-01
3.176589208225768513e-01
3.173521625812917302e-01
3.170458282080253487e-01
3.167399170010485321e-01
3.164344282592407853e-01
3.161293612821852173e-01
3.158247153702660737e-01
3.155204898247598311e-01
3.152166839479307869e-01
3.149132970431254841e-01
3.146103284148600299e-01
3.143077773689148535e-01
3.140056432124244679e-01
3.137039252539642331e-01
3.134026228036412287e-01
3.131017351731786857e-01
3.128012616760028064e-01
3.125012016273274740e-01
3.122015543442380192e-01
3.119023191457727107e-01
3.116034953530040785e-01
3.113050822891179625e-01
3.110070792794921712e-01
3.107094856517744197e-01
3.104123007359548270e-01
3.101155238644433543e-01
3.098191543721400820e-01
3.095231915965078184e-01
3.092276348776394346e-01
3.089324835583279194e-01
3.086377369841327711e-01
3.083433945034412260e-01
3.080494554675375363e-01
3.077559192306577596e-01
3.074627851500547626e-01
3.071700525860530107e-01
3.068777209021070207e-01
3.065857894648534310e-01
3.062942576441657905e-01
3.060031248132055737e-01
3.057123903484705307e-01
3.054220536298423716e-01
3.051321140406310639e-01
3.048425709676218509e-01
3.045534238011132766e-01
3.042646719349588746e-01
3.039763147666059706e-01
3.036883516971309316e-01
3.034007821312725839e-01
3.031136054774672406e-01
3.028268211478764016e-01
3.025404285584158415e-01
3.022544271287843642e-01
3.019688162824857303e-01
3.016835954468528591e-01
3.013987640530680912e-01
3.011143215361837266e-01
3.008302673351357370e-01
3.005466008927619725e-01
3.002633216558138751e-01
2.999804290749669700e-01
2.996979226048318012e-01
2.994158017039603714e-01
2.991340658348518589e-01
2.988527144639552269e-01
2.985717470616713332e-01
2.982911631023555388e-01
2.980109620643099921e-01
2.977311434297849613e-01
2.974517066849695079e-01
2.971726513199864916e-01
2.968939768288805792e-01
2.966156827096092519e-01
2.963377684640283727e-01
2.960602335978783084e-01
2.957830776207654444e-01
2.955063000461473077e-01
2.952299003913083086e-01
2.949538781773416996e-01
2.946782329291238178e-01
2.944029641752905491e-01
2.941280714482083503e-01
2.938535542839489367e-01
2.935794122222578073e-01
2.933056448065208266e-01
2.930322515837345265e-01
2.927592321044703016e-01
